2.967291666666667105e-01
1.355833333333332225e-01
2.634999999999999010e-01
2.516562499999999702e-01
3.010104166666666692e-01
2.836770833333332464e-01
2.531249999999999334e-01
2.467708333333333004e-01
2.772395833333334836e-01
2.221145833333333375e-01
2.601458333333333539e-01
1.113437500000000191e-01
2.099687500000000373e-01
2.231562500000000282e-01
2.119687500000000113e-01
2.905416666666668646e-01
2.550000000000000600e-01
3.077916666666667411e-01
3.056562499999998517e-01
2.958854166666666230e-01
3.261875000000000191e-01
2.541875000000000107e-01
2.934375000000000733e-01
1.563958333333334283e-01
2.879895833333332988e-01
2.207395833333334056e-01
3.001770833333333166e-01
2.170625000000000748e-01
2.411458333333335313e-01
2.522500000000000298e-01
1.857812499999999256e-01
2.599270833333334751e-01
3.211770833333333353e-01
1.938124999999999432e-01
2.477083333333334192e-01
2.950416666666667020e-01
2.374479166666667584e-01
1.962291666666666767e-01
1.417604166666665555e-01
2.710000000000000187e-01
2.526770833333333854e-01
1.712812500000000238e-01
2.497916666666667451e-01
2.699166666666664161e-01
1.970937500000000675e-01
2.393333333333333701e-01
2.297708333333333408e-01
2.546250000000001568e-01
2.663854166666666523e-01
2.342083333333333517e-01
2.870937500000000919e-01
2.319062500000000637e-01
3.327499999999999347e-01
2.408333333333332604e-01
2.664270833333333144e-01
2.723958333333333925e-01
2.556979166666666914e-01
2.722916666666666541e-01
2.759166666666666434e-01
2.216458333333332364e-01
2.670729166666667154e-01
2.209999999999999465e-01
2.804062499999999680e-01
1.953645833333333137e-01
2.341041666666666410e-01
3.068541666666667056e-01
2.366250000000000575e-01
2.628124999999999489e-01
2.794479166666666847e-01
3.139062499999999978e-01
2.732083333333332198e-01
2.770208333333333273e-01
2.856562500000001115e-01
2.849895833333333517e-01
2.525000000000001132e-01
2.222291666666668108e-01
2.823958333333333459e-01
1.236249999999999988e-01
2.862916666666665555e-01
2.250729166666667336e-01
2.919999999999999818e-01
3.312708333333333477e-01
2.903958333333333530e-01
2.586041666666666350e-01
2.276666666666666561e-01
2.956458333333332744e-01
3.180104166666665177e-01
1.715104166666665542e-01
2.744270833333333770e-01
3.067499999999999671e-01
2.698229166666667456e-01
2.738749999999999241e-01
2.691979166666667589e-01
2.715937500000001892e-01
2.224583333333332302e-01
2.815416666666666345e-01
2.558125000000000537e-01
2.882812499999998779e-01
2.247708333333333641e-01
1.955416666666667247e-01
2.948541666666666394e-01
2.959791666666668486e-01
2.869479166666667469e-01
2.620729166666665999e-01
2.799375000000000613e-01
2.207500000000000018e-01
2.627812499999999107e-01
3.019895833333334223e-01
2.802083333333331705e-01
2.853854166666667802e-01
2.797187500000000160e-01
2.542395833333331856e-01
2.887187500000000240e-01
2.200625000000000775e-01
2.571770833333334449e-01
2.358854166666666530e-01
1.113333333333333536e-01
2.294583333333334030e-01
2.627395833333331931e-01
2.906666666666667398e-01
2.948437499999999045e-01
2.808333333333334347e-01
1.929895833333333532e-01
1.959479166666666938e-01
2.199687500000000462e-01
3.061770833333333219e-01
1.767083333333332174e-01
2.291874999999999052e-01
2.818437499999998930e-01
2.830624999999999947e-01
2.826354166666665835e-01
2.490833333333334065e-01
2.064166666666667205e-01
2.677083333333334370e-01
2.858645833333333108e-01
2.718541666666666745e-01
2.425104166666667005e-01
2.456979166666666548e-01
2.145624999999999893e-01
2.479166666666665353e-01
2.465937500000000282e-01
2.257708333333332540e-01
2.664999999999999591e-01
2.743645833333331896e-01
2.250312499999998772e-01
2.623854166666665932e-01
2.714374999999999982e-01
2.558854166666665875e-01
2.503541666666666554e-01
3.058750000000000080e-01
2.558020833333333743e-01
2.548958333333333770e-01
3.396354166666666896e-01
2.507083333333333663e-01
2.469479166666667946e-01
2.861249999999999627e-01
2.513020833333332038e-01
2.130208333333333259e-01
2.704479166666666212e-01
3.218020833333332109e-01
2.914687500000001097e-01
2.787812499999998694e-01
2.612187499999999996e-01
2.388229166666666903e-01
2.153333333333334598e-01
2.428437500000000526e-01
3.395000000000001350e-01
2.137187499999999851e-01
2.461874999999998648e-01
2.774479166666666274e-01
2.371041666666666436e-01
2.522916666666666918e-01
2.609062500000000062e-01
2.664270833333334254e-01
2.788020833333332282e-01
2.792708333333334125e-01
2.742812499999998654e-01
2.228437499999999238e-01
2.815624999999999933e-01
2.699166666666667491e-01
1.984791666666667342e-01
2.453333333333330979e-01
2.877187499999999676e-01
2.969583333333333797e-01
2.811562500000000520e-01
2.875833333333333575e-01
2.071145833333334074e-01
3.123020833333332580e-01
2.569895833333333268e-01
3.135000000000000564e-01
2.560416666666668895e-01
2.262604166666666583e-01
2.888645833333333690e-01
2.265416666666666690e-01
2.683229166666666332e-01
2.267604166666666587e-01
1.694479166666666980e-01
2.381041666666666723e-01
2.649166666666666892e-01
3.169895833333333246e-01
1.725208333333333732e-01
2.256249999999999922e-01
2.265104166666667140e-01
2.309687500000000282e-01
2.753437500000000537e-01
2.272708333333332831e-01
2.634270833333333672e-01
2.737916666666667109e-01
2.286041666666666916e-01
2.495520833333334243e-01
2.906562500000000049e-01
2.622187500000000004e-01
2.278437499999999838e-01
2.809479166666665750e-01
2.427395833333333697e-01
2.280520833333332664e-01
2.590416666666665590e-01
2.849166666666666514e-01
3.012916666666666798e-01
2.821770833333333006e-01
2.772291666666668042e-01
2.350000000000000144e-01
2.655312499999999964e-01
2.727083333333333859e-01
2.919687500000001101e-01
2.185937500000000033e-01
2.680104166666666399e-01
2.387604166666668082e-01
3.148020833333331492e-01
2.890833333333332478e-01
2.333541666666667513e-01
1.901979166666666610e-01
1.923854166666665311e-01
1.747812499999999991e-01
2.362812499999999705e-01
2.888541666666666341e-01
2.650208333333333166e-01
2.236666666666666525e-01
2.951875000000000471e-01
2.568750000000000200e-01
1.542083333333333639e-01
2.420208333333332684e-01
3.012708333333333210e-01
1.299791666666667012e-01
2.316874999999999352e-01
2.695208333333333761e-01
2.461250000000000104e-01
2.796458333333332602e-01
2.075833333333332587e-01
2.612812500000000759e-01
2.389791666666664094e-01
2.214062500000000266e-01
2.421666666666665302e-01
2.609479166666667238e-01
2.554583333333333428e-01
2.649791666666667100e-01
2.414791666666667169e-01
1.886666666666667602e-01
2.241562500000000568e-01
1.771041666666666181e-01
2.020833333333332815e-01
3.170104166666665724e-01
2.704062500000000147e-01
3.308333333333333126e-01
2.707500000000002127e-01
2.605624999999999192e-01
3.039166666666666683e-01
1.436874999999999680e-01
2.594166666666668508e-01
2.917812500000000475e-01
2.440625000000000988e-01
2.576249999999999374e-01
2.213958333333333750e-01
3.321458333333334179e-01
2.581562499999999205e-01
3.087812499999999516e-01
2.855937500000000351e-01
2.672291666666666288e-01
1.820833333333334025e-01
2.549062500000000009e-01
2.903645833333334814e-01
1.989583333333332371e-01
2.522083333333334232e-01
2.655833333333333379e-01
3.139062500000000533e-01
1.812812499999999771e-01
2.330624999999999225e-01
1.840000000000000524e-01
2.778645833333333037e-01
2.802500000000000546e-01
2.681458333333333610e-01
1.866875000000000895e-01
2.880624999999999991e-01
2.219479166666667169e-01
2.948124999999999774e-01
2.595937500000001785e-01
2.508958333333333179e-01
2.589895833333333841e-01
1.419479166666667014e-01
2.685833333333332296e-01
2.975104166666666106e-01
2.630208333333333148e-01
2.589270833333333077e-01
1.853541666666667087e-01
2.351041666666666974e-01
2.524270833333333020e-01
2.609791666666665955e-01
2.387916666666667076e-01
2.663125000000001186e-01
2.337500000000001521e-01
2.295416666666667549e-01
2.419375000000002496e-01
2.935624999999998930e-01
2.456041666666667345e-01
2.683333333333333681e-01
1.579687499999999911e-01
2.494166666666665089e-01
2.546250000000000457e-01
2.287187499999998874e-01
2.230312500000000420e-01
2.841979166666666057e-01
2.483333333333332948e-01
2.552916666666667500e-01
2.806041666666666545e-01
2.497916666666667451e-01
2.294375000000000719e-01
2.594687499999999702e-01
2.930729166666666274e-01
3.250729166666666559e-01
2.271979166666666383e-01
1.871354166666665819e-01
3.263958333333332185e-01
1.926354166666666978e-01
2.795520833333333122e-01
2.466354166666666903e-01
3.074270833333332953e-01
2.932291666666665964e-01
2.473854166666666909e-01
2.225833333333332720e-01
2.194479166666667702e-01
2.785729166666666146e-01
2.565416666666665568e-01
2.208750000000000435e-01
2.418229166666665819e-01
2.148333333333333484e-01
2.052291666666666847e-01
2.468854166666667460e-01
2.288020833333331838e-01
2.403229166666666083e-01
2.769791666666667207e-01
2.843854166666666128e-01
2.944374999999999076e-01
2.909583333333333743e-01
2.723854166666665466e-01
2.869895833333334645e-01
2.026145833333334589e-01
2.943645833333334294e-01
2.467395833333333732e-01
2.157708333333333284e-01
1.354270833333333368e-01
2.594999999999998419e-01
2.524687499999999640e-01
2.461562499999998543e-01
1.750000000000000167e-01
1.884791666666666698e-01
2.257500000000000062e-01
2.041249999999999176e-01
2.634062499999999529e-01
1.962812500000000460e-01
2.746145833333333286e-01
2.174687500000000162e-01
2.283749999999999947e-01
2.342500000000000415e-01
2.952083333333333504e-01
2.229687499999999656e-01
2.904270833333332802e-01
2.529375000000000373e-01
2.954270833333332846e-01
2.645937500000001830e-01
2.822395833333334880e-01
2.679374999999999951e-01
2.260208333333334485e-01
2.325833333333333364e-01
2.257916666666665850e-01
2.806354166666666372e-01
2.924270833333331709e-01
2.726145833333331048e-01
2.712291666666667989e-01
2.698854166666668219e-01
3.072708333333333819e-01
2.219895833333332957e-01
1.673229166666667656e-01
2.870520833333332633e-01
2.568124999999999991e-01
2.354479166666666734e-01
2.241145833333334225e-01
2.609270833333333095e-01
3.200729166666667624e-01
2.629270833333333113e-01
2.113437500000000524e-01
2.184479166666668248e-01
2.244166666666667087e-01
2.603125000000000022e-01
2.815937499999999760e-01
2.618958333333332722e-01
2.389479166666666765e-01
2.557708333333332806e-01
2.218020833333332886e-01
2.551562499999999734e-01
2.422083333333333588e-01
2.570520833333333477e-01
3.327916666666668744e-01
2.858854166666666696e-01
2.176145833333333057e-01
2.809166666666666479e-01
2.255000000000000338e-01
2.895104166666668255e-01
2.500312499999999827e-01
1.541770833333332980e-01
2.867083333333332873e-01
2.492083333333334760e-01
2.149062499999999931e-01
2.543645833333333939e-01
2.029479166666665890e-01
2.918124999999999192e-01
3.352291666666666892e-01
3.080104166666666754e-01
2.465833333333332933e-01
2.791145833333334436e-01
2.854583333333333695e-01
2.675624999999999809e-01
2.169687500000000158e-01
3.126145833333334179e-01
3.297083333333334365e-01
9.935416666666670171e-02
2.559895833333331039e-01
2.549999999999999489e-01
2.672812499999999702e-01
1.852604166666666774e-01
2.163020833333332560e-01
2.336979166666666163e-01
2.104374999999999440e-01
2.095208333333332396e-01
2.727499999999999925e-01
2.524479166666667163e-01
2.130729166666666952e-01
2.854895833333332411e-01
2.567812500000000164e-01
2.533749999999999614e-01
2.663750000000001950e-01
3.140520833333333983e-01
2.442291666666668026e-01
1.929479166666666357e-01
2.403437500000001059e-01
3.094374999999999765e-01
2.850208333333334454e-01
2.093333333333334545e-01
2.918645833333331496e-01
2.318020833333334085e-01
2.904791666666665106e-01
2.700104166666666416e-01
2.703854166666666559e-01
2.711770833333334019e-01
2.359270833333333706e-01
2.450104166666666750e-01
1.786458333333333925e-01
1.664895833333332187e-01
2.362291666666665735e-01
1.672708333333333686e-01
2.160937499999999456e-01
2.343750000000000278e-01
2.773541666666666794e-01
2.795729166666666154e-01
1.787916666666665988e-01
2.576041666666666896e-01
1.966041666666666632e-01
2.743333333333334845e-01
1.803854166666666314e-01
2.044687499999999769e-01
2.373020833333334412e-01
2.646979166666668104e-01
2.515104166666666807e-01
2.535312499999998748e-01
2.246875000000000122e-01
2.048333333333332840e-01
2.077604166666665586e-01
2.540520833333332340e-01
2.740833333333335120e-01
3.179270833333332491e-01
2.198541666666666561e-01
2.494999999999999440e-01
2.238749999999999629e-01
2.092291666666666883e-01
2.116458333333333108e-01
1.805833333333334290e-01
2.805729166666665608e-01
2.695208333333332651e-01
1.920833333333332726e-01
2.991458333333333330e-01
2.736770833333333486e-01
2.859999999999999765e-01
2.478125000000000189e-01
2.260312499999999336e-01
2.328958333333332742e-01
2.180104166666665400e-01
2.243541666666666323e-01
2.323541666666666672e-01
2.875000000000001443e-01
2.350416666666667875e-01
2.651979166666666443e-01
2.414062500000000167e-01
2.859062500000000839e-01
2.404687500000000089e-01
2.463645833333332202e-01
1.971666666666666845e-01
2.676666666666666639e-01
2.674687499999999218e-01
2.478645833333334991e-01
2.872604166666667402e-01
2.798645833333333055e-01
2.314791666666665970e-01
2.337395833333333062e-01
3.093125000000000457e-01
2.084687500000001192e-01
2.299166666666665748e-01
1.638541666666666063e-01
2.590416666666667256e-01
2.118124999999999314e-01
1.821458333333333124e-01
3.273229166666667411e-01
2.868541666666666323e-01
1.805104166666667009e-01
2.518854166666666949e-01
2.514479166666667154e-01
2.364166666666667471e-01
2.437083333333334156e-01
2.005729166666666563e-01
2.759062500000000195e-01
1.376249999999998863e-01
2.952812500000000506e-01
1.269583333333333675e-01
2.352916666666666490e-01
2.395833333333333981e-01
2.747291666666666354e-01
2.575416666666666687e-01
2.960729166666666856e-01
2.223125000000001072e-01
2.816666666666666763e-01
2.871250000000000191e-01
2.428020833333333350e-01
2.686562500000000409e-01
2.912812499999999916e-01
2.510729166666667012e-01
3.249791666666666523e-01
2.627916666666667012e-01
3.072083333333333055e-01
2.902812499999999352e-01
2.330937500000000717e-01
2.386666666666667769e-01
2.385208333333333763e-01
2.318749999999999423e-01
2.544791666666667562e-01
2.691979166666666479e-01
2.039375000000000770e-01
2.644062499999999538e-01
2.410729166666666090e-01
2.466874999999999762e-01
2.631145833333333184e-01
3.041458333333332820e-01
2.204375000000000362e-01
2.627083333333333770e-01
1.967187500000000533e-01
8.619791666666658247e-02
2.720000000000000751e-01
1.817812500000000053e-01
1.721770833333333695e-01
2.847500000000001141e-01
2.184999999999999165e-01
1.425937499999999636e-01
3.005416666666665404e-01
2.303958333333332720e-01
2.636979166666666985e-01
1.598437500000000899e-01
2.147083333333332511e-01
3.186250000000001026e-01
2.914166666666667682e-01
2.894687499999999414e-01
2.156562500000000215e-01
1.936666666666666814e-01
2.085833333333332595e-01
3.198333333333333584e-01
2.821354166666666941e-01
1.948645833333333410e-01
2.643750000000000266e-01
1.987708333333332578e-01
2.503124999999999933e-01
2.791770833333333535e-01
1.963333333333333319e-01
2.871041666666666603e-01
2.511875000000000635e-01
1.996770833333332551e-01
2.724166666666666958e-01
2.306979166666666137e-01
3.019791666666666319e-01
2.918124999999998637e-01
2.519166666666665666e-01
2.729687500000000377e-01
2.641979166666666434e-01
2.323958333333333570e-01
3.226666666666665462e-01
2.289791666666666226e-01
1.959895833333334114e-01
3.459895833333334614e-01
2.663958333333333317e-01
2.411250000000000615e-01
2.380104166666666687e-01
3.005208333333332926e-01
2.223229166666666201e-01
2.818333333333332691e-01
1.906145833333333928e-01
2.452708333333332158e-01
2.764062500000000755e-01
2.724687499999998708e-01
2.645416666666667305e-01
2.717395833333332011e-01
2.176562499999999123e-01
2.312291666666667356e-01
2.735937500000000799e-01
2.319062500000000082e-01
2.043854166666666528e-01
2.253229166666665950e-01
2.663020833333333837e-01
2.487395833333334305e-01
2.427916666666667389e-01
2.670520833333332456e-01
2.495312500000000100e-01
3.030833333333332602e-01
2.710520833333333046e-01
2.253229166666666783e-01
2.710937499999999112e-01
2.633437499999999321e-01
2.474166666666666459e-01
1.871666666666666201e-01
2.187812500000000104e-01
3.069270833333333504e-01
3.128749999999999587e-01
2.908125000000000293e-01
2.467708333333332726e-01
2.421354166666666863e-01
2.350416666666667043e-01
1.671979166666666128e-01
1.541666666666666463e-01
2.314375000000001570e-01
2.230937500000000073e-01
2.701145833333333246e-01
2.829375000000001195e-01
2.696562499999999307e-01
2.679791666666666017e-01
2.230937500000000073e-01
2.203854166666666947e-01
2.525833333333332709e-01
2.485312500000001756e-01
2.433437500000000531e-01
2.684374999999999956e-01
2.729375000000000551e-01
2.088437499999999114e-01
3.073229166666666123e-01
2.605000000000000093e-01
3.192604166666665466e-01
2.693437499999998264e-01
3.226979166666666954e-01
3.085833333333333761e-01
1.784999999999999643e-01
2.493333333333333790e-01
3.058958333333333113e-01
2.577500000000000902e-01
2.538437500000000902e-01
2.151979166666666277e-01
2.744374999999999454e-01
2.563541666666667163e-01
3.034270833333333472e-01
2.563645833333333957e-01
2.431145833333333284e-01
2.699895833333332829e-01
2.746354166666666874e-01
1.865104166666665952e-01
2.400624999999999287e-01
2.697499999999999898e-01
2.970104166666667211e-01
1.268541666666666290e-01
2.850937500000000346e-01
2.407395833333333124e-01
2.935937499999997646e-01
2.408645833333331876e-01
1.287604166666666827e-01
2.660312499999999414e-01
2.689375000000000515e-01
1.225104166666666772e-01
1.671458333333334378e-01
2.694895833333331714e-01
2.529687500000000755e-01
2.845729166666666199e-01
2.666979166666667012e-01
2.647395833333334170e-01
2.312812500000000215e-01
2.318437499999999873e-01
2.576979166666664711e-01
2.732812500000000866e-01
1.983645833333334829e-01
2.343229166666667140e-01
2.253125000000000266e-01
2.356770833333333426e-01
2.779479166666666834e-01
3.101249999999999840e-01
2.675729166666665493e-01
2.071562500000000140e-01
2.143229166666666963e-01
2.902291666666665382e-01
2.430937500000000251e-01
1.999687499999999174e-01
1.601979166666666898e-01
2.453333333333332644e-01
2.395520833333333321e-01
1.636041666666666061e-01
2.669583333333333530e-01
2.757812500000000333e-01
2.415416666666667933e-01
2.241562499999999181e-01
2.472708333333333286e-01
2.676979166666666465e-01
2.156979166666667114e-01
2.629791666666666528e-01
3.081874999999998921e-01
2.546249999999998792e-01
2.205937500000001161e-01
2.996666666666664702e-01
2.932083333333332931e-01
1.516875000000000584e-01
2.380520833333333586e-01
2.289062499999999500e-01
2.676562499999999845e-01
2.931354166666667038e-01
2.544062500000000004e-01
2.207708333333333883e-01
2.556562500000001403e-01
3.169791666666664787e-01
1.726354166666666246e-01
2.815937499999999760e-01
2.772291666666665821e-01
2.673958333333333326e-01
2.476041666666668195e-01
1.328333333333332755e-01
2.437916666666667120e-01
2.629687500000000289e-01
2.635520833333333535e-01
2.173958333333333715e-01
3.187187500000001061e-01
3.041458333333333930e-01
2.757812499999999778e-01
2.831770833333334125e-01
2.383229166666668009e-01
2.808958333333333446e-01
3.069583333333334441e-01
2.334687499999999749e-01
2.250729166666667336e-01
2.981249999999999734e-01
3.085104166666667869e-01
2.815625000000001044e-01
2.942395833333332766e-01
1.958229166666667631e-01
3.099791666666666945e-01
2.801770833333331878e-01
2.828333333333333255e-01
2.811875000000000902e-01
2.736250000000000071e-01
3.135833333333333806e-01
3.011562499999999587e-01
2.777083333333333903e-01
2.176041666666667096e-01
2.924583333333333757e-01
2.326145833333331803e-01
2.686770833333332886e-01
2.277083333333332626e-01
2.562812499999999050e-01
2.604583333333332917e-01
2.277812500000001295e-01
2.815208333333332757e-01
2.673124999999999529e-01
2.770520833333332544e-01
2.349270833333332309e-01
2.769270833333332682e-01
2.713645833333334090e-01
2.759687499999997629e-01
2.618124999999998925e-01
2.849062499999999720e-01
2.690312499999998885e-01
3.354166666666665297e-01
2.520937500000000608e-01
1.961041666666667183e-01
2.906041666666667189e-01
2.738958333333332273e-01
2.741666666666666141e-01
2.574583333333334001e-01
2.981666666666665799e-01
2.663125000000000075e-01
2.104895833333333410e-01
1.741145833333332948e-01
3.005833333333332580e-01
2.076354166666667389e-01
2.806041666666667100e-01
3.013645833333333246e-01
2.429479166666666801e-01
1.668125000000000302e-01
2.520937499999999498e-01
2.257083333333333997e-01
3.150000000000000022e-01
1.200729166666665987e-01
2.838750000000001550e-01
2.532916666666665817e-01
2.644374999999999365e-01
1.655520833333333497e-01
2.023541666666666961e-01
2.997395833333333370e-01
2.896666666666665724e-01
2.668854166666665417e-01
2.159583333333332800e-01
2.662187499999998375e-01
2.906041666666668299e-01
2.846458333333333202e-01
2.069479166666666481e-01
1.291666666666666241e-01
2.990729166666666883e-01
2.711354166666668508e-01
2.193749999999999867e-01
1.169062500000000032e-01
2.816354166666666381e-01
1.347291666666667331e-01
3.236562500000000342e-01
2.363541666666666707e-01
2.523750000000000715e-01
2.690416666666666790e-01
2.811770833333335218e-01
3.224166666666666292e-01
2.919479166666668069e-01
2.190208333333334145e-01
2.786979166666666008e-01
2.880312500000000719e-01
2.680000000000000715e-01
2.287604166666667160e-01
2.067083333333333550e-01
3.085520833333332824e-01
2.881250000000000755e-01
2.331458333333332744e-01
1.594479166666667169e-01
2.783750000000002056e-01
2.097604166666665604e-01
2.886562499999998921e-01
2.294270833333335313e-01
1.770729166666665799e-01
2.083020833333333044e-01
2.322604166666666081e-01
3.028333333333332877e-01
2.070624999999999272e-01
2.297499999999999820e-01
3.036666666666665848e-01
2.911562500000001719e-01
2.463958333333333417e-01
1.678541666666666654e-01
2.678541666666666710e-01
3.111770833333333264e-01
2.337604166666667760e-01
2.412604166666665328e-01
2.707604166666666701e-01
2.195208333333333872e-01
2.394583333333332453e-01
2.785104166666665382e-01
2.373229166666666057e-01
2.466666666666667007e-01
2.215833333333333266e-01
2.553020833333332629e-01
2.644687500000000857e-01
2.542395833333333521e-01
2.592291666666667882e-01
2.874999999999999778e-01
3.280312499999999409e-01
2.485624999999999085e-01
2.596249999999999392e-01
2.779062500000000213e-01
1.762812500000000282e-01
2.944166666666666043e-01
2.115312499999999207e-01
3.154583333333332851e-01
2.516874999999998974e-01
1.362291666666667067e-01
2.559166666666667367e-01
3.065416666666666012e-01
1.767812499999998621e-01
2.799999999999999156e-01
2.352395833333333908e-01
2.113229166666666659e-01
2.634791666666666532e-01
2.673854166666666532e-01
2.307083333333332931e-01
2.540729166666665928e-01
2.576562499999999201e-01
2.331145833333333195e-01
2.604062500000000058e-01
2.892708333333333104e-01
2.534999999999999476e-01
2.991562500000000679e-01
2.634895833333333881e-01
2.084791666666666876e-01
1.857395833333333746e-01
2.445937499999999709e-01
1.689895833333333319e-01
2.581979166666666381e-01
2.779166666666666452e-01
2.238645833333334501e-01
2.912604166666667438e-01
3.161875000000000102e-01
2.677500000000001545e-01
2.515625000000001332e-01
1.979166666666666019e-01
2.448749999999999538e-01
2.814583333333333659e-01
2.702187500000000075e-01
2.089999999999999913e-01
3.116770833333332713e-01
2.373333333333333683e-01
3.021770833333334849e-01
2.911041666666667749e-01
2.772083333333332233e-01
1.552395833333332920e-01
2.481770833333333259e-01
2.781770833333331860e-01
2.349374999999999103e-01
2.951250000000000262e-01
2.168333333333334334e-01
2.478541666666665977e-01
2.082604166666667533e-01
2.221979166666665229e-01
1.959479166666666661e-01
2.808437499999998921e-01
2.412916666666667931e-01
2.743645833333333006e-01
1.517395833333333166e-01
2.494583333333333097e-01
1.133749999999999619e-01
2.761041666666665950e-01
2.505416666666667735e-01
2.539270833333333033e-01
2.364166666666666916e-01
2.940416666666665901e-01
2.187500000000000000e-01
2.486666666666666192e-01
2.923229166666667100e-01
2.831458333333333743e-01
2.070208333333334039e-01
2.257187499999999403e-01
2.755520833333335307e-01
2.642812500000000231e-01
3.076145833333334134e-01
3.194270833333333059e-01
2.597187500000000537e-01
3.056458333333332278e-01
2.283125000000000293e-01
2.826458333333332629e-01
2.554583333333331763e-01
2.372708333333333197e-01
2.272083333333333455e-01
2.892708333333334214e-01
2.065625000000000100e-01
2.913958333333333539e-01
1.909895833333333792e-01
2.506250000000000422e-01
2.471874999999999767e-01
2.250104166666667960e-01
2.500833333333333797e-01
2.753333333333333188e-01
2.477083333333332249e-01
2.480520833333333119e-01
2.835104166666667647e-01
2.517291666666668370e-01
2.393854166666665728e-01
2.978645833333333770e-01
3.104583333333333917e-01
2.857604166666666279e-01
2.761874999999999747e-01
1.496145833333333008e-01
1.991562500000000069e-01
1.470729166666665810e-01
2.759791666666666088e-01
2.957916666666666750e-01
1.751145833333331014e-01
2.238437499999999247e-01
3.077708333333332158e-01
2.969895833333333623e-01
2.383229166666665788e-01
2.524270833333333575e-01
1.996562500000001183e-01
