1.797395833333333137e-01
3.141041666666667398e-01
1.983020833333333233e-01
3.545208333333334516e-01
2.902187500000000253e-01
3.770208333333331940e-01
2.329791666666667371e-01
3.782291666666668384e-01
2.327812500000000506e-01
1.985937500000000133e-01
2.923750000000001070e-01
6.579166666666667884e-02
2.226145833333333102e-01
1.692083333333333772e-01
3.298645833333332944e-01
1.516875000000000029e-01
3.595625000000000071e-01
2.279062499999999769e-01
2.917500000000000093e-01
2.474895833333332629e-01
9.741666666666677632e-02
2.964895833333332509e-01
2.153958333333333142e-01
3.351562500000000444e-01
2.776979166666665999e-01
1.945937499999999820e-01
3.061874999999998903e-01
3.682916666666666283e-01
2.365729166666667160e-01
2.872187499999999116e-01
2.761979166666666541e-01
2.641874999999999640e-01
2.369479166666666747e-01
1.943541666666666334e-01
3.206666666666665999e-01
1.799791666666666068e-01
3.238437500000002078e-01
2.657291666666667940e-01
2.115729166666666383e-01
2.487604166666666783e-01
3.143124999999999947e-01
2.782083333333333353e-01
2.814791666666665026e-01
3.036250000000000338e-01
1.357291666666667063e-01
2.804687499999999889e-01
2.202604166666666530e-01
1.775833333333333985e-01
2.384791666666667975e-01
7.767708333333327164e-02
1.365312499999999929e-01
2.109791666666667453e-01
3.020312499999999178e-01
2.514999999999998903e-01
3.856770833333332260e-01
2.886666666666665715e-01
4.614583333333332343e-02
3.647395833333331727e-01
2.980416666666667047e-01
3.792916666666666381e-01
2.916458333333333264e-01
2.606145833333333162e-01
3.268333333333331425e-01
2.100416666666666821e-01
1.615729166666666494e-01
1.971666666666666012e-01
2.046249999999999736e-01
2.865000000000000324e-01
3.792395833333332411e-01
2.684895833333332260e-01
1.753333333333333688e-01
2.469479166666666281e-01
2.073645833333333244e-01
1.432395833333332813e-01
2.526979166666665777e-01
3.286770833333332864e-01
1.386562499999999531e-01
2.874374999999999014e-01
2.155312499999999243e-01
7.908333333333326942e-02
1.969479166666666670e-01
3.192604166666667687e-01
2.306562500000000904e-01
2.477291666666668057e-01
3.377083333333332771e-01
1.866770833333333546e-01
2.842395833333332122e-01
4.431249999999994915e-02
2.329583333333333783e-01
3.253437499999998761e-01
1.892291666666667815e-01
3.376562499999999911e-01
2.356562500000000948e-01
1.131874999999998854e-01
2.688333333333333131e-01
3.096666666666667012e-01
2.524479166666667163e-01
2.081041666666665624e-01
1.669479166666667236e-01
2.422812500000000036e-01
1.998437500000000977e-01
4.123333333333333850e-01
2.278750000000000220e-01
2.146145833333333031e-01
2.459791666666667487e-01
3.017083333333333006e-01
2.747916666666666008e-01
9.015624999999999334e-02
2.611249999999998850e-01
2.853958333333333486e-01
2.528854166666666958e-01
3.443749999999998201e-02
2.605624999999999747e-01
2.211354166666667231e-01
9.906250000000005329e-03
1.369062499999999516e-01
2.067187500000000344e-01
2.831458333333334854e-01
3.165729166666665928e-01
2.063749999999999474e-01
2.068541666666667000e-01
3.339895833333335062e-01
2.572916666666668628e-01
1.995000000000000384e-01
3.095520833333332833e-01
3.433020833333332855e-01
2.716145833333333814e-01
2.233437500000000353e-01
2.625937500000000147e-01
3.084270833333334072e-01
3.888749999999998042e-01
2.679791666666667682e-01
3.420104166666666501e-01
3.323020833333331092e-01
3.386562499999998810e-01
2.923854166666667309e-01
3.163854166666667522e-01
2.607812500000001310e-01
2.787083333333333912e-01
2.282083333333333186e-01
2.223645833333332822e-01
1.119895833333333229e-01
2.711458333333331971e-01
3.247291666666665688e-01
2.112395833333334527e-01
2.684375000000000511e-01
3.613437499999998526e-01
2.702812500000000284e-01
2.158124999999999349e-01
2.948958333333333015e-01
3.663854166666667411e-01
3.213437499999999836e-01
2.730520833333333619e-01
2.560104166666666292e-01
2.768124999999999059e-01
3.652916666666667367e-01
3.426770833333334654e-01
2.823541666666667393e-01
3.223229166666667367e-01
2.231250000000000178e-01
2.169583333333333364e-01
9.822916666666665908e-02
1.612291666666667012e-01
3.258229166666666288e-01
1.567083333333333106e-01
2.959166666666666612e-01
2.990520833333333850e-01
1.270520833333333155e-01
3.089166666666666172e-01
3.189270833333331945e-01
3.211770833333333908e-01
2.352916666666665657e-01
1.332500000000000073e-01
2.528750000000001830e-01
2.424270833333332931e-01
3.326250000000001150e-01
2.690625000000000377e-01
2.439062499999999079e-01
3.371458333333333113e-01
3.082291666666666652e-01
3.224895833333333295e-01
3.641458333333333908e-01
1.885312500000000113e-01
9.030208333333322734e-02
1.566979166666667145e-01
3.503124999999999711e-01
3.028749999999999498e-01
1.478124999999999578e-01
2.626145833333333179e-01
2.330833333333334201e-01
2.439895833333332875e-01
1.907291666666667274e-01
1.138437499999999797e-01
1.678020833333332407e-01
1.905312500000001519e-01
1.460416666666667085e-01
3.043124999999998193e-01
1.472395833333333126e-01
1.747291666666667131e-01
3.379270833333333779e-01
2.036874999999999103e-01
2.607708333333333406e-01
3.138437500000000324e-01
2.577604166666666030e-01
2.300104166666666894e-01
3.182812500000000711e-01
2.511145833333334743e-01
2.324166666666666881e-01
2.398437500000001610e-01
2.533958333333333202e-01
3.087708333333333832e-01
2.955937499999998774e-01
2.501458333333333450e-01
2.702083333333326828e-02
3.610833333333332562e-01
3.152395833333334618e-01
1.499166666666667258e-01
2.588437499999999836e-01
1.791458333333333375e-01
1.323541666666666339e-01
1.971666666666666845e-01
3.766562499999999702e-01
3.058541666666665937e-01
1.825208333333333544e-01
2.169062499999999671e-01
1.929375000000000118e-01
1.608645833333333386e-01
3.808749999999998526e-01
2.046145833333334607e-01
3.460520833333333157e-01
2.368437500000000195e-01
2.290729166666667094e-01
1.839166666666665340e-01
1.982916666666666716e-01
3.729375000000000884e-01
2.696041666666668113e-01
2.990104166666666119e-01
1.887187500000000184e-01
2.438854166666665213e-01
2.611770833333333930e-01
1.892708333333334159e-01
2.572499999999999232e-01
3.437708333333333033e-01
2.436041666666664829e-01
3.908541666666665582e-01
2.188541666666666829e-01
2.770625000000001004e-01
2.398541666666666738e-01
2.483124999999999083e-01
2.356354166666666805e-01
2.223437500000000622e-01
4.017604166666665644e-01
2.961874999999998814e-01
1.958333333333333870e-01
3.009166666666667767e-01
2.037083333333333524e-01
3.038541666666665919e-01
3.213229166666666248e-01
1.411666666666666625e-01
2.548124999999998863e-01
2.055416666666665948e-01
2.298854166666665921e-01
2.223229166666668422e-01
3.345000000000000195e-01
3.439374999999999516e-01
3.426875000000000338e-01
3.500937500000000369e-01
2.937499999999999556e-01
1.781249999999999778e-01
3.110104166666668446e-01
2.329270833333333124e-01
2.844583333333333131e-01
2.749895833333333983e-01
3.787708333333333344e-01
2.512812499999999560e-01
3.976874999999999161e-01
2.666979166666666456e-01
2.245208333333333084e-01
1.532499999999999141e-01
2.186354166666667209e-01
2.472291666666666110e-01
1.669479166666666403e-01
3.367708333333331860e-01
2.362916666666666776e-01
2.263437499999999547e-01
2.347604166666666659e-01
2.256666666666665988e-01
2.632812500000001332e-01
2.404687500000000366e-01
2.936562499999997855e-01
3.118854166666667482e-01
2.178437500000001137e-01
1.134791666666666865e-01
2.463437499999998892e-01
2.917916666666666714e-01
2.551145833333333113e-01
2.400624999999999842e-01
2.255937499999999540e-01
2.671458333333333601e-01
2.993229166666666607e-01
2.389583333333332726e-01
2.177083333333332538e-01
3.433958333333333446e-01
3.740625000000001865e-01
2.097083333333333854e-01
2.733125000000000138e-01
1.982812500000000477e-01
9.792708333333334514e-02
3.026770833333333743e-01
2.474479166666665730e-01
2.599895833333333850e-01
3.071979166666665706e-01
3.441250000000000697e-01
2.927395833333332198e-01
1.872708333333333863e-01
2.187083333333331436e-01
2.223854166666666410e-01
2.389479166666667043e-01
3.071250000000000369e-01
3.010312500000000835e-01
3.375624999999998210e-01
1.799062500000002396e-01
2.941979166666666146e-01
2.002499999999998170e-01
2.760833333333333472e-01
1.802708333333333524e-01
2.515833333333332700e-01
3.049374999999999725e-01
2.127916666666665180e-01
3.514166666666667660e-01
2.442083333333334438e-01
3.823645833333333965e-01
3.706041666666666790e-01
2.722083333333333299e-01
2.320104166666667744e-01
2.518020833333333708e-01
3.503437500000001759e-01
2.935000000000000386e-01
2.566458333333332953e-01
3.298333333333333672e-01
1.937708333333332256e-01
1.844166666666667009e-01
2.961979166666667829e-01
1.484999999999999931e-01
3.184583333333333433e-01
3.089374999999999760e-01
3.105833333333333224e-01
1.996770833333333661e-01
3.976458333333332540e-01
3.608124999999999249e-01
1.929270833333333324e-01
2.388333333333334252e-01
1.901979166666666332e-01
3.740208333333334134e-01
2.412604166666667271e-01
1.814166666666666705e-01
2.156041666666666246e-01
3.318333333333332025e-01
1.791249999999999787e-01
1.657083333333333186e-01
3.276041666666666963e-01
2.688854166666666545e-01
2.301249999999999962e-01
2.859791666666666732e-01
2.416458333333332542e-01
2.951979166666667265e-01
2.290833333333332777e-01
2.775937500000001390e-01
2.083020833333334432e-01
2.228958333333332653e-01
2.761458333333333681e-01
2.855104166666665999e-01
4.007395833333333712e-01
2.359583333333334088e-01
2.176354166666667200e-01
3.370104166666667012e-01
1.691979166666666978e-01
2.380208333333332649e-01
1.399166666666667169e-01
1.791874999999999718e-01
2.984583333333333255e-01
2.571874999999999578e-01
2.617708333333333415e-01
1.945104166666666579e-01
3.000729166666666337e-01
3.381875000000000853e-01
2.850208333333332233e-01
2.354062500000001501e-01
2.506770833333333282e-01
3.807083333333332598e-01
2.630729166666668228e-01
1.826458333333332018e-01
2.942083333333332384e-01
2.955104166666667198e-01
3.406770833333334081e-01
2.583854166666665897e-01
2.796354166666665808e-01
2.865416666666667500e-01
2.791770833333332424e-01
2.515312500000000395e-01
3.802916666666668610e-01
2.847916666666666652e-01
3.391874999999999751e-01
3.104166666666666186e-01
2.134479166666666539e-01
2.068854166666664052e-01
1.318437500000000373e-01
1.922604166666666836e-01
2.603437499999998739e-01
2.489166666666666750e-01
2.200729166666665071e-01
2.574166666666667380e-01
2.908645833333332598e-01
2.965104166666667207e-01
3.026354166666667678e-01
1.928749999999999354e-01
3.298124999999998974e-01
1.005833333333333163e-01
1.562083333333333379e-01
3.601041666666667251e-01
2.905729166666667362e-01
3.856145833333331496e-01
2.342916666666665371e-01
2.701979166666666488e-01
2.674687499999998663e-01
2.275312499999998239e-01
8.257291666666666252e-02
2.379791666666666583e-01
2.039791666666665171e-01
1.175416666666667109e-01
2.075416666666666521e-01
2.998541666666666994e-01
2.470833333333333492e-01
2.716875000000000817e-01
1.415312500000000251e-01
2.529270833333333024e-01
2.436979166666668195e-01
2.707916666666667638e-01
3.312499999999998779e-01
3.189375000000001514e-01
2.821979166666666039e-01
3.362604166666665617e-01
3.474479166666666341e-01
2.638333333333333641e-01
3.408645833333334152e-01
6.872916666666674390e-02
2.452187500000000131e-01
2.090937500000000504e-01
2.794687499999999880e-01
2.876458333333332673e-01
3.706666666666665333e-01
4.133333333333333304e-02
2.282291666666666774e-01
2.081041666666667289e-01
1.876250000000000417e-01
2.178124999999999367e-01
3.020520833333331656e-01
3.379687499999999845e-01
3.627812499999999996e-01
3.285729166666666590e-01
2.996041666666667269e-01
2.748333333333332629e-01
1.842604166666667043e-01
4.245416666666666505e-01
6.534375000000000600e-02
3.086562499999999098e-01
1.238437499999999747e-01
2.147291666666667209e-01
2.735208333333334352e-01
2.492916666666665781e-01
2.488020833333333959e-01
3.428958333333333441e-01
3.126979166666666310e-01
1.972604166666667436e-01
2.238125000000000531e-01
2.356249999999999456e-01
3.133854166666665275e-01
3.050729166666666381e-01
2.457708333333333550e-01
1.470104166666665879e-01
2.878125000000001377e-01
2.664479166666666732e-01
1.365208333333333413e-01
1.848749999999999283e-01
1.911041666666666305e-01
2.285729166666666812e-01
2.125833333333333741e-01
2.298437500000002076e-01
2.363958333333334716e-01
9.164583333333330140e-02
1.939687500000000231e-01
3.217604166666666599e-01
3.238750000000001905e-01
3.206354166666667838e-01
2.723437500000001066e-01
2.763437500000000546e-01
2.232916666666666661e-01
2.637708333333332877e-01
3.239895833333333863e-01
1.720416666666666761e-01
2.869166666666665977e-01
3.256458333333333566e-01
2.725312500000000027e-01
2.585208333333331443e-01
8.479166666666672347e-02
2.490937500000000859e-01
1.835833333333334039e-01
1.906145833333332817e-01
2.737604166666666172e-01
2.305729166666665997e-01
3.321666666666666656e-01
2.537500000000000311e-01
3.399270833333333797e-01
1.803124999999999173e-02
2.215624999999999678e-01
2.840729166666665639e-01
2.729479166666667900e-01
3.247500000000000386e-01
3.146562499999998597e-01
3.740833333333333233e-01
3.126249999999999862e-01
1.161041666666666750e-01
1.948541666666666339e-01
2.215937499999999227e-01
2.744375000000000564e-01
3.454479166666666323e-01
3.643020833333334707e-01
3.730416666666665493e-01
2.971354166666667074e-01
3.328020833333333317e-01
1.198541666666666644e-01
3.266770833333332846e-01
2.859895833333331860e-01
2.484479166666667960e-01
1.935729166666667334e-01
2.251250000000000195e-01
2.487708333333335797e-01
3.517812499999999898e-01
3.923333333333331452e-01
2.526458333333333472e-01
3.835624999999998619e-01
4.035416666666665625e-02
1.892395833333333499e-01
1.564374999999999793e-01
2.240312499999999873e-01
2.577395833333332997e-01
2.588645833333333424e-01
1.952499999999998959e-01
2.412291666666667445e-01
2.868020833333332908e-01
2.833541666666667402e-01
3.358958333333334489e-01
2.881666666666666266e-01
2.313749999999998863e-01
1.715312500000000517e-01
3.326041666666665897e-01
3.419375000000000608e-01
2.298333333333333062e-01
2.188437499999999758e-01
2.388749999999999485e-01
2.910208333333335617e-01
2.565312500000000440e-01
2.212812500000000127e-01
2.159791666666665277e-01
3.176145833333332003e-01
2.141875000000000584e-01
2.070729166666665788e-01
2.907187499999999147e-01
3.479583333333333695e-01
2.400312500000002236e-01
2.186041666666665995e-01
2.266041666666666898e-01
1.662604166666667160e-01
2.151562500000000488e-01
3.349687499999999818e-01
2.748437500000001088e-01
2.404062500000000713e-01
3.122395833333334036e-01
2.922083333333333477e-01
3.056145833333331896e-01
1.763749999999999762e-01
3.353541666666666754e-01
2.960625000000001172e-01
1.973229166666667089e-01
1.592083333333332851e-01
1.672291666666665400e-01
3.187187499999999951e-01
1.690000000000000668e-01
2.637812500000000226e-01
2.518125000000000502e-01
2.463645833333334145e-01
2.582395833333333557e-01
1.023437500000001360e-01
1.845937499999999731e-01
2.352604166666666108e-01
3.235520833333332402e-01
2.724062499999999609e-01
3.257083333333333219e-01
2.684791666666666576e-01
1.421770833333333706e-01
2.688437500000000480e-01
2.591666666666666077e-02
3.387083333333333335e-01
1.655312499999999909e-01
2.725208333333332678e-01
2.950000000000000955e-01
2.386250000000000038e-01
3.400104166666667038e-01
2.390104166666666419e-01
2.425625000000000975e-01
2.853020833333333450e-01
2.095833333333332327e-01
3.175416666666666665e-01
2.809895833333331816e-01
1.321666666666666268e-01
2.647708333333333441e-01
2.331875000000001308e-01
2.747604166666666181e-01
3.014895833333332553e-01
8.557291666666667906e-02
3.457812499999999845e-01
3.090937500000001115e-01
3.244062499999999516e-01
2.584062500000000595e-01
2.482812500000000366e-01
2.299270833333334485e-01
3.199166666666665715e-01
2.122187499999999005e-01
5.403124999999997513e-02
2.205729166666667573e-01
3.394687499999999858e-01
1.564583333333333381e-01
2.422812499999999758e-01
8.308333333333332849e-02
1.381874999999999631e-01
5.951041666666667673e-02
2.208958333333333746e-01
3.379166666666668095e-01
2.178437500000000859e-01
3.011249999999999760e-01
3.418437500000000573e-01
3.710416666666668806e-01
1.726250000000000284e-01
3.037604166666665884e-01
2.278124999999999456e-01
2.954166666666666607e-01
2.341458333333333031e-01
2.214479166666666610e-01
1.532395833333332902e-01
2.731874999999999720e-01
2.532604166666667100e-01
3.452083333333333393e-01
3.231770833333334481e-01
2.375520833333333026e-01
2.612708333333334521e-01
6.797916666666663221e-02
2.085520833333333324e-01
1.503541666666667054e-01
3.436458333333332615e-01
1.874479166666668251e-01
2.309062499999999796e-01
2.289062499999998945e-01
2.579374999999998197e-01
2.959791666666666266e-01
2.897604166666666869e-01
2.828854166666666670e-01
3.020416666666667083e-01
1.482291666666666619e-01
1.614791666666666459e-01
7.024999999999993749e-02
3.127916666666666345e-01
3.228020833333333228e-01
2.087812500000000016e-01
2.988020833333331905e-01
2.307187500000000557e-01
2.064479166666667309e-01
2.280208333333333393e-01
1.984166666666666856e-01
2.086979166666667329e-01
3.309895833333333370e-01
3.187187499999999951e-01
2.131354166666667160e-01
2.390520833333333039e-01
2.599166666666666847e-01
8.294791666666664898e-02
2.647291666666667376e-01
3.045625000000000138e-01
1.583541666666665737e-01
2.579895833333333832e-01
3.017187499999999800e-01
2.891770833333331403e-01
2.778645833333333592e-01
2.808749999999999858e-01
2.362604166666666672e-01
2.815000000000000280e-01
2.084583333333334121e-01
5.435416666666655766e-02
2.636979166666668095e-01
2.568958333333333788e-01
3.144062500000000537e-01
2.216666666666665952e-01
8.116666666666674801e-02
1.161874999999999575e-01
3.815729166666666505e-01
3.682916666666668504e-01
6.619791666666667573e-02
3.601145833333332935e-01
2.967604166666665821e-01
2.099583333333333579e-01
2.668229166666666319e-01
2.205312500000000397e-01
3.019583333333332731e-01
2.994479166666668135e-01
2.546562499999999729e-01
2.290312499999999363e-01
2.511562499999999698e-01
1.012395833333333828e-01
5.268749999999996353e-02
2.862083333333333979e-01
1.910312500000000691e-01
2.267812500000000175e-01
3.135520833333333424e-01
3.044166666666666132e-01
2.131458333333333677e-01
2.015520833333333817e-01
2.977708333333332624e-01
2.968229166666667140e-01
2.494895833333334034e-01
2.303437499999999860e-01
2.587812499999999072e-01
2.590208333333333668e-01
1.591875000000000095e-01
3.411770833333334085e-01
2.359583333333330202e-01
3.253958333333334396e-01
1.246770833333333967e-01
2.649270833333332020e-01
2.059687499999999505e-01
1.494583333333333319e-01
1.683437500000000142e-01
2.474479166666665730e-01
3.357604166666668388e-01
2.458125000000000726e-01
3.191979166666666923e-01
3.065624999999999600e-01
3.218333333333333601e-01
1.993854166666666206e-01
2.460312499999998959e-01
2.244270833333334159e-01
3.214166666666667393e-01
3.215520833333334605e-01
3.738958333333335382e-01
6.423958333333333603e-02
2.412604166666668382e-01
3.769791666666662960e-02
3.596874999999999933e-01
3.222916666666665320e-01
2.855312499999999587e-01
2.614791666666666514e-01
2.746979166666665972e-01
1.072812499999999947e-01
2.763437500000001656e-01
2.617291666666667349e-01
2.228854166666666969e-01
1.588645833333333646e-01
3.603020833333334116e-01
3.163333333333332997e-01
3.374999999999998140e-02
3.367187500000000111e-01
1.940729166666666783e-01
3.284687499999999205e-01
3.490416666666666390e-01
3.366354166666665759e-01
2.842500000000000582e-01
2.766145833333333859e-01
3.343854166666666572e-01
2.055104166666666121e-01
3.099895833333333739e-01
2.047604166666666670e-01
1.366250000000000242e-01
2.401354166666666290e-01
1.994062499999999793e-01
3.525833333333333042e-01
2.811041666666666550e-01
1.132916666666665823e-01
3.394374999999998366e-01
3.011145833333332411e-01
2.277812499999999074e-01
2.528020833333333717e-01
2.993645833333332673e-01
2.637604166666666639e-01
2.322083333333333777e-01
2.641562499999999258e-01
2.244166666666667920e-01
1.752500000000000446e-01
2.337187499999999474e-01
3.459062499999998597e-01
3.230624999999999747e-01
3.187604166666667682e-01
2.183333333333334070e-01
2.501770833333332722e-01
3.969583333333332464e-01
3.075624999999999054e-01
1.305729166666667052e-01
2.007083333333332664e-01
2.375104166666665850e-01
3.173333333333333006e-01
2.206666666666667054e-01
2.490625000000000477e-01
3.130416666666667180e-01
1.013437500000000102e-01
3.308854166666666541e-01
3.560625000000001150e-01
3.044791666666666896e-01
9.641666666666663665e-02
2.257708333333333650e-01
3.533020833333333499e-01
2.904895833333333566e-01
2.446354166666665497e-01
2.101979166666666510e-01
1.458124999999999838e-01
1.870312500000000655e-01
2.421562500000000451e-01
3.638958333333330852e-01
1.397499999999999298e-01
1.838958333333333695e-01
6.998958333333331339e-02
2.807499999999999440e-01
2.599062500000000053e-01
1.981562500000000615e-01
2.676354166666667367e-01
2.386145833333333244e-01
1.276354166666665846e-01
1.491145833333333004e-01
2.440208333333333812e-01
3.598020833333333002e-01
1.978229166666667094e-01
3.511562500000000031e-01
2.039895833333333630e-01
2.544895833333332136e-01
2.345104166666667211e-01
2.201041666666667673e-01
2.349583333333332691e-01
2.503541666666668219e-01
2.650520833333333548e-01
2.544166666666666798e-01
2.879375000000000684e-01
1.353645833333333159e-01
2.088958333333333917e-01
1.850416666666666876e-01
2.118645833333333284e-01
3.097291666666665555e-01
2.050208333333332911e-01
2.505208333333334703e-01
2.320416666666665906e-01
2.349479166666666174e-01
2.535729166666668144e-01
3.099687500000000706e-01
2.117500000000000215e-01
3.274583333333333512e-01
2.743229166666666941e-01
3.075937500000000546e-01
2.946770833333333672e-01
2.567083333333333717e-01
2.020416666666667027e-01
2.625833333333333353e-01
2.863958333333334050e-01
1.993333333333333623e-01
1.618541666666666878e-01
1.972604166666666881e-01
2.655729166666666585e-01
2.697812500000000280e-01
2.138437499999997771e-01
2.149791666666666101e-01
2.136979166666666818e-01
8.829166666666654617e-02
3.141041666666667953e-01
1.792812500000000586e-01
1.645000000000000073e-01
2.825416666666665799e-01
2.495833333333331849e-01
3.169270833333331927e-01
3.015416666666667078e-01
1.882499999999999452e-01
2.161875000000000047e-01
2.700208333333333210e-01
2.565104166666666297e-01
2.888437499999999547e-01
2.993229166666666607e-01
2.222291666666666998e-01
2.929583333333333761e-01
3.492500000000000604e-01
3.219999999999998419e-01
3.626354166666665990e-01
3.234374999999998224e-01
3.350624999999998743e-01
1.285624999999999685e-01
2.315729166666666838e-01
2.848541666666666861e-01
2.670625000000000360e-01
2.258958333333333235e-01
2.404374999999999429e-01
4.045416666666666328e-01
2.594375000000000986e-01
2.114479166666665966e-01
2.589479166666666665e-01
2.314895833333333319e-01
2.123750000000000637e-01
3.963541666666666602e-02
2.170625000000000193e-01
3.400624999999999343e-01
2.080520833333332764e-01
3.924479166666666186e-01
2.550312499999999871e-01
2.668541666666666701e-01
3.461354166666666399e-01
3.028854166666667957e-01
2.950937499999999880e-01
2.721562500000000995e-01
2.998541666666668104e-01
3.085000000000000520e-01
2.888958333333334072e-01
2.737916666666666554e-01
1.900625000000000508e-01
2.666041666666665866e-01
1.054791666666667210e-01
1.559687500000000171e-01
2.555312499999999321e-01
1.670208333333334239e-01
1.994583333333331820e-01
3.621875000000000511e-01
2.168958333333333988e-01
2.366250000000000020e-01
2.417187499999999822e-01
2.374166666666667203e-01
1.988645833333333446e-01
3.428750000000003184e-01
1.335937499999999278e-01
2.684791666666668797e-01
2.364270833333333710e-01
3.026249999999999774e-01
1.839375000000000038e-01
2.660000000000000697e-01
1.601458333333332373e-01
2.033333333333333937e-01
1.278333333333333821e-01
1.721458333333332480e-01
2.070208333333334039e-01
3.666145833333332438e-01
2.353125000000000078e-01
1.610729166666667045e-01
3.218020833333332109e-01
3.508958333333333512e-01
2.719270833333333193e-01
1.945104166666666023e-01
3.145000000000001128e-01
1.727604166666666108e-01
2.986770833333332598e-01
9.460416666666666974e-02
1.743229166666666330e-01
2.404062500000000435e-01
3.343437500000001616e-01
3.808749999999999081e-01
3.759687500000000182e-01
2.914583333333333193e-01
2.228437500000000071e-01
2.833645833333331976e-01
3.162500000000000866e-01
1.482500000000000484e-01
3.182187499999999392e-01
2.148437500000000833e-01
1.927708333333332524e-01
3.329062499999999036e-01
3.115520833333333406e-01
2.519166666666667331e-01
2.464791666666666659e-01
2.666562500000000946e-01
2.292500000000000371e-01
2.328541666666665844e-01
2.700937500000001323e-01
1.106666666666666354e-01
1.507916666666667127e-01
3.402916666666667145e-01
3.558958333333333002e-01
1.776979166666666499e-01
2.426666666666665584e-01
1.926666666666666805e-01
2.552187499999999942e-01
1.960000000000002573e-01
3.116562499999999125e-01
3.318125000000000102e-01
2.093854166666667405e-01
1.561041666666666272e-01
2.089479166666667054e-01
1.881250000000000144e-01
2.030416666666665371e-01
2.860208333333333353e-01
2.051354166666667644e-01
2.328750000000000264e-01
3.875416666666665066e-01
