3.709687499999999027e-01
8.729166666666673263e-03
1.736666666666666636e-01
1.323437499999999545e-01
4.028020833333333939e-01
1.410208333333334008e-01
4.213333333333331709e-01
9.776041666666668295e-02
2.538958333333333206e-01
1.218750000000000866e-03
2.133750000000000646e-01
4.323437499999998046e-01
4.074687499999999907e-01
3.097291666666666665e-01
3.305416666666665670e-01
1.021979166666666106e-01
4.374687500000000728e-01
2.831979166666664383e-01
3.862499999999999267e-01
1.043333333333333335e-01
2.937291666666667633e-01
1.033541666666666775e-01
2.193749999999999589e-01
1.831666666666666721e-01
2.635833333333333361e-01
1.611458333333332452e-02
1.421145833333333497e-01
3.597395833333333903e-01
2.007187500000001401e-01
2.808958333333332891e-01
1.430000000000000160e-01
1.098333333333333245e-01
5.145833333333333509e-02
2.633958333333332735e-01
2.448541666666666783e-01
1.618333333333333290e-01
2.513541666666667118e-01
3.798854166666666976e-01
2.497708333333333031e-01
3.983333333333334281e-01
1.381562499999999527e-01
2.563541666666667163e-01
9.434375000000000400e-02
1.185104166666666875e-01
3.942708333333333481e-01
3.401250000000001772e-01
1.461458333333333914e-01
3.367604166666667287e-01
1.839166666666665895e-01
3.174791666666667012e-01
3.336458333333333637e-01
2.681249999999999467e-01
1.344791666666666496e-01
3.364062500000000178e-01
3.612604166666666394e-01
3.638750000000001705e-01
3.733958333333331492e-01
8.573958333333331350e-02
1.770729166666666632e-01
4.371979166666666305e-01
3.556249999999998579e-01
2.753958333333333397e-01
1.029166666666667534e-01
3.220208333333332562e-01
1.212499999999999516e-02
1.919374999999999831e-01
4.367083333333333095e-01
2.345208333333332895e-01
2.074999999999998374e-02
1.945833333333333304e-01
6.831249999999998435e-02
3.554062499999999791e-01
3.920625000000000360e-01
1.166770833333333618e-01
5.329166666666667468e-02
3.040520833333333339e-01
2.112604166666666172e-01
3.128958333333333175e-01
2.328645833333334025e-01
3.840833333333332766e-01
2.633541666666666670e-01
4.630208333333332149e-01
2.048229166666666323e-01
3.631250000000000866e-01
5.645833333333333259e-02
1.708333333333332885e-02
3.233750000000001346e-01
3.790520833333332340e-01
3.621874999999997319e-02
1.460208333333333219e-01
3.527812499999999907e-01
8.104166666666663688e-02
2.991666666666668029e-01
4.138437499999998992e-01
4.363541666666667651e-01
1.852083333333333914e-01
2.130208333333333537e-01
3.838854166666667012e-01
4.401875000000000093e-01
1.873020833333332302e-01
5.457291666666666541e-02
3.530312499999999631e-01
3.799062499999998899e-01
4.205729166666665741e-01
3.432395833333333202e-01
2.948333333333333361e-01
3.009895833333334214e-01
4.421354166666667251e-01
8.355208333333331849e-02
4.336145833333331923e-01
2.292187499999999156e-01
1.808229166666666388e-01
2.963541666666666408e-01
2.958750000000000546e-01
3.303229166666667438e-01
4.284895833333333681e-01
9.376041666666672103e-02
4.968750000000002331e-02
4.298854166666667975e-01
1.428020833333333017e-01
4.338645833333332202e-01
4.090104166666667651e-01
3.708333333333335615e-03
2.024166666666666892e-01
5.787500000000003753e-02
2.864687499999999942e-01
3.092812499999998410e-01
1.565624999999999656e-02
3.648958333333331139e-02
2.341666666666666341e-01
4.236250000000000848e-01
4.185104166666666625e-01
5.716666666666666424e-02
2.575208333333332544e-01
2.472708333333333286e-01
4.118750000000000883e-02
5.264583333333331533e-02
8.786458333333335702e-02
1.073750000000000399e-01
2.533124999999999405e-01
8.665625000000004574e-02
1.671979166666666405e-01
2.618333333333333068e-01
2.231666666666666521e-01
1.010416666666667275e-02
3.893541666666666679e-01
3.646458333333333357e-01
3.775416666666666643e-01
6.563541666666668217e-02
4.526041666666665714e-02
1.625937500000000924e-01
3.586770833333334241e-01
3.449270833333333841e-01
1.454166666666666663e-01
1.621874999999999359e-02
4.160520833333332114e-01
4.124791666666667855e-01
2.367395833333333643e-01
2.243541666666665491e-01
7.540625000000000799e-02
1.270937499999999776e-01
6.298958333333332105e-02
9.871875000000000788e-02
1.902708333333333612e-01
3.590520833333332718e-01
3.883437500000001541e-01
3.142291666666665595e-01
4.610833333333332340e-01
2.496354166666667485e-01
1.000416666666667093e-01
1.473541666666666750e-01
7.770833333333335320e-03
3.999583333333332491e-01
4.321875000000002243e-01
2.609895833333333304e-01
2.644479166666667269e-01
1.993645833333332895e-01
4.347499999999999698e-01
2.471250000000000391e-01
4.104270833333332757e-01
4.563645833333331292e-01
3.957812500000000289e-01
3.981458333333333655e-01
2.916458333333334374e-01
5.709374999999999173e-02
3.339999999999998526e-01
4.598958333333332676e-02
4.129375000000000129e-01
1.695416666666667016e-01
2.851458333333333761e-01
1.637708333333332822e-01
3.760416666666667740e-01
1.208750000000000796e-01
3.548958333333332438e-01
3.413125000000000742e-01
5.272916666666666724e-02
1.890937500000000604e-01
4.206562499999999538e-01
3.564791666666666803e-01
1.939479166666667476e-01
1.541250000000000397e-01
1.149687499999999668e-01
3.780416666666667758e-01
3.631875000000000520e-01
3.871770833333333939e-01
2.202395833333332664e-01
1.948437500000000100e-01
1.889479166666665766e-01
4.293124999999999303e-01
4.029791666666666661e-01
3.942604166666665577e-01
1.689583333333332868e-02
4.456249999999999933e-01
1.871874999999999512e-01
3.191145833333333681e-01
3.480208333333334458e-01
7.021875000000001033e-02
1.875520833333333970e-01
3.868020833333333797e-01
1.207083333333334174e-01
2.829062499999999702e-01
2.099270833333333475e-01
6.693749999999996925e-02
3.805104166666666288e-01
3.306041666666666434e-01
2.663020833333333282e-01
4.343124999999999347e-01
2.281770833333333359e-01
3.915208333333333179e-01
3.678437499999999694e-01
4.473645833333335098e-01
2.181458333333333721e-01
3.155208333333333059e-01
8.435416666666668839e-02
3.464270833333334410e-01
2.114583333333330470e-02
3.006666666666666932e-01
2.761458333333332779e-02
1.110416666666666913e-01
2.376041666666666996e-01
1.259687499999999349e-01
1.229583333333333361e-01
6.459375000000004696e-02
4.542708333333334014e-02
4.422187499999999383e-01
9.871874999999992462e-02
1.205833333333333618e-01
2.839583333333332849e-02
2.749375000000000013e-01
3.895520833333334099e-01
1.436145833333332955e-01
1.910937500000000344e-01
2.851458333333332651e-01
4.092708333333332921e-02
4.333229166666667243e-01
3.954375000000000528e-01
1.409583333333333244e-01
3.766770833333333290e-01
2.023333333333333650e-01
1.356874999999999887e-01
2.710416666666666807e-01
3.422916666666666052e-01
2.310000000000001219e-01
3.473437500000001177e-01
1.098333333333333384e-01
3.196354166666665608e-01
3.241666666666666585e-01
4.456874999999998477e-01
3.816979166666666923e-01
9.929166666666666696e-02
3.548125000000001417e-01
4.249791666666668521e-01
3.220729166666665422e-01
2.213437499999999503e-01
4.724999999999997952e-02
5.034375000000001349e-02
6.774999999999999079e-02
1.565104166666666796e-01
9.364583333333333093e-02
4.207395833333334445e-01
3.343749999999996031e-02
1.116770833333333712e-01
2.504895833333334321e-01
3.498749999999998805e-01
3.759583333333331168e-01
4.530520833333331887e-01
2.408333333333333715e-01
3.035520833333332780e-01
1.778854166666666847e-01
1.297083333333333699e-01
7.927083333333336326e-03
1.817499999999999671e-01
4.205624999999999503e-01
2.003437500000000149e-01
4.066458333333332065e-01
1.042395833333333438e-01
3.669999999999999374e-01
4.589999999999998526e-01
1.198541666666665950e-01
1.239583333333332815e-01
1.703750000000000542e-01
4.026979166666665999e-01
8.795833333333330506e-02
4.091666666666666785e-01
1.616562500000000013e-01
4.535520833333330781e-01
1.522187499999999860e-01
3.503124999999999295e-02
3.301666666666667194e-01
6.812500000000003275e-02
4.246458333333332225e-01
1.429062499999999847e-01
4.328020833333334760e-01
4.241562500000000124e-01
3.756770833333332171e-01
2.751562500000000466e-01
3.869166666666665755e-01
2.277812500000000184e-01
1.952395833333333830e-01
5.899999999999999689e-02
3.152812500000000129e-01
9.708333333333334092e-02
2.106145833333332718e-01
3.097916666666666319e-01
6.329166666666667662e-02
2.269791666666667040e-01
3.786979166666668006e-01
1.641458333333333519e-01
2.129166666666667540e-01
4.224062500000000941e-01
5.094791666666665525e-02
1.848749999999999283e-01
2.438020833333333359e-01
4.640520833333332540e-01
2.034479166666666450e-01
4.349687499999999596e-01
2.104895833333332578e-01
1.222604166666666631e-01
1.823125000000000717e-01
2.014062499999999256e-01
3.805416666666666115e-01
1.786562499999999609e-01
4.221979166666667838e-01
1.802916666666667389e-01
8.781250000000006065e-03
3.612395833333333361e-01
3.000520833333332749e-01
3.320312500000000555e-01
3.801145833333332003e-01
4.392604166666668752e-01
1.486770833333333486e-01
1.576041666666665522e-02
1.115833333333333538e-01
1.709895833333332782e-01
1.721666666666665790e-01
1.234895833333333748e-01
1.710624999999999785e-01
2.771145833333333308e-01
3.435416666666665092e-02
1.366041666666666932e-01
4.117187499999999667e-01
2.542083333333332584e-01
1.571041666666666836e-01
2.741250000000000631e-01
1.448645833333333244e-01
2.340937499999999061e-01
3.226354166666667855e-01
1.862083333333333368e-01
4.648958333333333415e-02
4.288854166666668521e-01
8.480208333333334736e-02
1.624999999999998321e-02
2.420937500000000242e-01
4.379062500000001079e-01
2.918229166666666541e-01
2.673229166666667433e-01
2.949583333333333779e-01
1.556874999999999787e-01
4.228645833333331550e-01
2.955312499999999676e-01
9.171875000000002942e-02
3.657395833333330626e-01
3.824062499999998366e-01
3.094270833333332971e-01
6.679166666666663810e-02
5.818750000000001005e-02
2.626874999999999072e-01
2.384166666666666101e-01
3.196666666666668211e-01
3.503749999999998255e-01
2.539999999999999480e-01
3.548125000000000306e-01
3.449583333333332558e-01
2.523541666666667127e-01
7.798958333333334825e-02
4.433750000000000191e-01
4.570729166666664400e-01
1.662604166666666883e-01
2.398437499999999389e-01
3.700624999999997944e-01
8.223958333333332427e-02
2.224479166666667174e-01
4.317500000000000782e-01
3.828125000000001665e-01
3.443854166666668326e-01
8.397916666666670193e-02
3.984687499999999272e-01
3.916666666666665519e-01
2.943541666666666390e-01
4.043125000000001301e-01
3.573020833333334090e-01
9.395833333333339366e-03
1.495416666666667116e-01
4.155833333333334156e-01
3.934374999999998290e-01
3.701041666666667757e-02
3.478020833333332340e-01
4.157187499999998592e-01
1.453958333333333630e-01
1.213020833333333659e-01
2.819895833333333490e-01
1.330937499999999829e-01
3.285312499999999969e-01
3.854999999999999538e-01
3.821874999999998884e-02
2.837500000000000022e-01
2.455520833333333097e-01
2.152291666666667214e-01
2.527604166666666541e-01
4.103125000000000244e-01
2.512187499999999907e-01
4.149583333333330959e-01
5.608333333333333920e-02
5.229166666666670155e-03
1.818749999999999881e-02
2.107812499999999478e-01
4.202812499999998841e-01
2.218124999999999680e-01
3.195625000000001936e-01
3.794375000000001497e-01
4.185833333333334738e-01
6.961458333333335469e-02
3.078124999999999889e-01
3.557708333333332029e-01
2.107083333333334141e-01
3.307395833333333646e-01
2.312812500000001326e-01
4.181979166666665026e-01
3.410416666666665209e-01
4.221874999999997158e-02
4.049791666666666679e-01
4.046874999999997696e-02
3.235937500000000133e-01
1.522916666666664781e-02
2.843229166666665919e-01
2.260520833333332924e-01
1.315312500000000162e-01
1.455520833333333042e-01
1.706145833333333195e-01
2.513125000000000497e-01
3.102812499999998974e-01
4.074062499999999698e-01
2.790208333333333290e-01
2.891041666666666621e-01
6.748958333333332504e-02
7.414583333333334136e-02
2.194895833333333213e-01
3.870208333333334250e-01
2.959687500000001692e-01
4.537604166666666106e-01
3.843229166666664587e-01
3.915729166666668259e-01
2.598958333333334370e-01
2.100624999999999576e-01
2.941770833333332558e-01
3.409791666666666110e-01
1.574791666666666146e-01
1.197812499999999641e-01
3.358645833333332997e-01
4.607083333333331088e-01
3.326666666666666106e-01
3.028854166666665182e-01
1.513229166666667236e-01
3.271145833333332642e-01
3.952916666666667633e-01
2.182604166666665957e-01
4.159687500000000537e-01
3.130937500000000040e-01
4.108020833333334010e-01
3.877916666666665346e-01
4.021770833333332962e-01
1.622291666666667020e-01
1.488854166666666867e-01
5.641666666666666358e-02
5.498958333333329312e-02
5.117708333333334525e-02
3.083541666666666514e-01
7.059375000000002454e-02
1.768229166666666907e-01
4.473541666666666639e-01
1.564270833333333555e-01
2.676562499999999845e-01
3.204374999999998752e-01
2.774479166666666829e-01
7.943749999999998035e-02
2.466979166666667389e-01
3.932916666666665950e-01
3.781250000000000999e-01
3.780000000000001137e-01
4.910416666666663627e-02
1.884687500000000460e-01
2.169374999999999221e-01
2.902812499999999352e-01
1.070208333333333289e-01
1.640416666666666690e-01
2.683229166666666887e-01
3.885416666666665492e-02
2.295312500000001588e-01
9.080208333333338044e-02
4.054895833333334032e-01
2.158541666666665970e-01
2.780208333333333282e-01
3.317291666666666861e-01
1.915312500000000140e-01
2.423124999999999030e-01
4.487708333333333965e-01
3.854479166666666123e-01
4.348854166666666909e-01
2.263541666666665439e-02
3.614791666666666292e-01
2.293125000000001690e-01
2.360833333333333395e-01
3.068958333333334787e-01
5.989583333333337208e-03
1.312187500000000229e-01
3.179479166666668299e-01
4.201458333333332185e-01
1.231562500000000088e-01
4.417812500000000697e-01
3.088229166666666137e-01
3.413541666666666252e-01
4.160729166666665702e-01
2.644895833333332780e-01
2.606249999999998845e-02
2.162499999999997410e-02
2.937500000000000111e-01
4.088333333333331598e-01
2.516250000000000431e-01
2.359479166666667016e-01
2.619583333333333486e-01
3.521874999999997924e-02
3.296458333333333601e-01
8.737499999999999434e-02
1.522499999999999964e-01
4.288124999999999853e-01
4.063854166666667767e-01
2.469270833333334358e-01
3.824791666666666479e-01
2.005625000000000047e-01
6.130208333333331261e-02
3.243229166666667385e-01
8.031250000000003664e-03
1.886041666666666561e-01
1.290520833333333173e-01
2.811458333333334281e-01
3.153958333333333197e-01
4.004062499999998526e-01
4.276875000000002203e-01
2.662604166666666661e-01
4.892708333333335019e-02
4.631354166666667993e-01
2.192604166666666521e-01
2.130208333333333259e-02
1.191770833333333918e-01
2.349999999999997924e-02
2.349895833333334183e-01
2.498958333333331783e-01
4.038333333333333219e-01
4.256249999999999756e-01
2.102500000000000480e-01
2.690833333333333965e-01
4.562604166666666683e-01
3.805416666666663894e-01
2.195625000000000215e-01
6.424999999999997380e-02
6.518750000000000933e-02
3.560937499999999312e-01
3.694999999999999396e-01
4.052916666666666612e-01
3.707395833333334001e-01
3.185729166666667056e-01
7.357291666666668228e-02
2.214687499999999643e-01
3.663125000000000409e-01
3.219895833333334401e-01
1.427083333333333537e-01
1.220729166666666976e-01
4.331875000000000586e-01
9.070833333333337689e-02
1.565208333333334145e-01
4.338645833333334978e-01
3.402395833333333730e-01
1.508958333333333679e-01
2.708854166666666563e-01
4.303958333333332553e-01
1.724999999999996675e-02
1.732500000000000151e-01
4.444895833333331603e-01
3.941354166666667935e-01
5.064583333333334131e-02
2.750000000000000014e-02
2.894895833333333557e-01
1.832291666666665056e-02
3.896354166666666230e-01
2.603645833333332882e-01
1.870833333333331641e-02
2.044583333333332975e-01
3.514166666666665440e-01
4.156249999999998557e-01
4.369374999999997011e-01
2.328333333333333643e-01
2.007291666666665975e-01
8.591666666666668284e-02
1.185520833333333218e-01
4.079895833333331834e-01
9.156249999999999112e-02
3.631145833333332962e-01
2.167604166666666776e-01
4.049479166666667407e-01
1.887812499999999838e-01
1.960208333333334219e-01
4.514479166666665044e-01
4.506979166666669756e-01
2.051041666666664556e-02
3.395416666666667971e-01
3.373645833333333566e-01
1.213124999999999898e-01
3.818437500000002038e-01
3.418749999999999845e-01
4.089687499999998810e-01
1.090104166666666791e-01
2.801666666666666194e-01
9.048958333333338711e-02
4.157604166666668544e-01
1.301145833333333390e-01
3.688541666666668717e-01
2.470833333333333215e-01
3.589270833333333965e-01
3.024583333333333846e-01
1.152812500000000573e-01
3.422291666666667509e-01
6.816666666666670871e-02
3.321145833333333242e-01
2.552083333333333703e-01
1.609583333333333421e-01
3.364479166666665688e-01
1.032708333333333811e-01
3.412395833333332074e-01
6.085416666666662588e-02
9.980208333333329129e-02
3.229479166666666679e-01
1.882500000000001394e-01
1.513854166666666889e-01
3.535208333333334507e-01
4.394270833333335236e-01
4.349479166666667673e-01
1.711666666666665781e-01
4.123958333333333642e-02
8.281249999999999722e-02
3.994791666666668295e-01
3.350416666666666821e-01
1.740624999999999811e-01
3.091250000000001497e-01
4.695833333333334636e-01
3.366458333333333108e-01
3.672083333333333588e-01
2.521770833333334960e-01
1.235729166666666989e-01
4.121354166666666430e-01
4.480416666666668379e-01
4.132604166666665191e-01
4.103333333333336053e-01
1.358333333333333337e-01
3.588125000000000342e-01
3.795625000000000249e-01
3.045729166666668042e-01
1.324166666666667103e-01
3.904791666666667105e-01
3.612187499999999218e-01
4.318958333333333122e-01
7.272916666666663643e-02
3.258958333333334401e-01
3.355729166666665542e-01
1.882708333333334705e-01
9.922916666666665997e-02
6.779166666666668062e-02
3.893958333333333854e-01
2.436979166666667085e-01
4.308749999999999525e-01
4.507500000000001505e-01
4.459062499999999485e-01
1.950208333333333377e-01
1.449999999999999206e-02
3.913541666666664476e-02
1.312291666666666745e-01
2.424166666666667247e-01
9.593750000000006439e-02
3.160312500000000413e-01
4.190833333333330857e-01
1.806249999999999176e-02
1.137291666666667006e-01
2.918229166666665986e-01
1.230729166666666846e-01
4.082395833333333779e-01
2.755000000000001337e-01
2.520833333333332704e-01
3.897604166666663872e-01
1.642187500000000244e-01
2.089374999999999705e-01
3.683125000000000981e-01
3.432812499999999822e-01
4.382812500000000111e-01
4.173020833333332402e-01
4.206249999999998185e-02
3.732083333333333641e-01
2.494583333333334207e-01
2.666770833333332869e-01
1.244583333333333375e-01
4.065729166666667838e-01
1.843124999999999902e-01
3.822812500000001279e-01
2.804791666666666683e-01
1.728125000000000633e-01
9.612500000000001599e-02
1.551979166666666299e-01
9.408333333333335213e-02
4.025833333333333486e-01
2.420624999999999860e-01
2.139166666666665328e-01
8.572916666666673124e-03
9.520833333333335313e-02
5.653124999999999817e-02
3.066979166666666257e-01
3.362291666666665790e-01
2.686770833333333441e-01
4.359687500000000715e-01
1.535416666666667707e-01
9.006250000000000366e-02
3.813541666666665081e-02
3.578437500000000160e-01
3.602604166666665830e-01
3.654895833333333122e-01
4.642187500000000688e-01
4.535729166666666035e-01
1.305000000000000049e-01
4.667916666666664938e-01
3.379166666666665875e-01
3.103645833333334436e-01
3.964583333333334125e-01
2.468645833333333872e-01
4.165520833333332118e-01
2.009062500000000362e-01
7.742708333333332693e-02
8.217708333333335891e-02
4.484999999999996767e-01
3.890624999999999639e-02
2.741250000000000075e-01
6.264583333333330339e-02
2.042708333333332835e-02
9.320833333333329584e-02
3.311250000000000582e-01
2.141770833333334068e-01
1.077708333333332741e-01
1.974791666666666501e-01
6.009375000000002215e-02
2.724062500000000164e-01
1.581041666666667123e-01
2.632187500000000013e-01
8.715624999999999067e-02
1.253750000000000142e-01
3.083645833333333863e-01
3.995833333333334014e-01
4.019791666666665542e-01
1.215000000000000108e-01
4.042812499999999254e-01
2.137395833333334272e-01
3.889166666666665217e-01
4.136249999999999094e-01
3.143229166666665075e-01
3.373958333333329507e-02
3.951145833333333801e-01
4.344583333333333908e-01
4.116979166666665524e-01
1.486458333333333381e-01
2.560208333333334196e-01
2.060937499999999367e-01
4.534687499999998650e-01
4.288958333333332540e-01
1.318854166666666994e-01
4.007499999999999951e-01
4.190312500000001328e-01
1.013958333333332962e-01
3.519999999999998685e-01
2.967187499999999201e-01
4.533333333333333659e-02
2.512499999999998415e-02
3.588124999999999232e-01
4.550000000000001960e-02
3.955937499999997997e-01
2.966770833333331470e-01
3.977083333333333859e-01
3.596145833333332376e-01
6.473958333333333648e-02
4.160416666666663654e-01
3.959375000000000394e-02
3.066562500000000191e-01
2.035104166666666936e-01
4.283333333333333992e-01
1.410937500000001010e-01
4.365729166666665884e-01
4.039374999999998939e-01
4.261666666666666381e-01
2.172187500000000160e-01
7.741666666666667529e-02
1.465520833333333328e-01
3.135104166666667358e-01
2.314895833333334707e-01
3.713541666666665964e-01
6.217708333333332726e-02
1.331145833333333417e-01
2.422187499999999272e-01
1.390520833333333817e-01
9.697916666666668573e-02
3.069583333333332220e-01
3.168854166666665861e-01
4.120833333333331905e-02
1.574999999999998276e-02
1.984270833333332817e-01
3.131666666666666488e-01
3.941666666666664154e-02
2.171458333333333712e-01
3.919791666666667257e-02
8.904166666666664398e-02
3.730833333333332669e-01
1.558229166666666721e-01
1.373958333333333559e-01
2.758958333333332291e-01
4.437291666666665635e-01
2.048958333333331452e-02
4.279166666666669450e-01
2.709583333333333566e-01
5.995833333333332876e-02
1.458124999999999283e-01
6.857291666666670560e-02
4.232187499999999214e-01
1.509479166666667094e-01
1.039791666666666364e-01
1.679583333333333206e-01
2.286354166666666465e-01
2.383645833333333242e-01
4.218124999999998681e-01
1.802187499999999554e-01
1.848333333333334050e-01
2.055208333333331111e-02
3.572812499999998281e-01
3.963020833333332216e-01
4.120416666666666949e-01
4.165729166666665151e-01
4.030312499999998965e-01
4.469375000000001541e-01
2.225000000000000311e-01
3.683958333333334778e-01
3.732291666666665564e-01
1.889791666666667258e-01
3.106250000000000955e-01
2.845833333333332993e-01
3.177500000000001434e-01
6.479166666666665020e-02
2.986041666666665595e-01
1.193437499999999707e-01
3.187187500000000506e-01
1.893541666666666845e-01
2.330520833333332709e-01
3.994270833333333770e-01
3.034062499999999885e-01
3.211875000000000702e-01
3.731041666666667922e-01
5.947916666666663854e-02
4.217708333333333726e-02
1.140624999999999695e-01
3.033541666666666470e-01
2.456354166666666894e-01
2.114791666666666625e-01
4.272708333333333219e-01
1.551666666666667027e-01
4.021041666666667069e-01
3.556041666666667767e-01
3.210833333333333872e-01
1.379687499999999456e-01
3.089895833333332620e-01
3.889166666666665217e-01
3.648854166666666843e-01
3.363541666666666763e-01
4.461458333333334081e-01
3.235208333333332020e-01
2.311145833333332622e-01
2.006354166666666494e-01
4.161666666666667957e-01
2.452916666666667689e-01
1.023333333333334288e-01
2.418541666666666201e-01
1.830520833333333375e-01
2.206875000000000642e-01
3.027604166666666985e-01
4.576250000000000040e-01
1.456250000000000322e-01
1.934687499999999949e-01
4.466145833333333148e-01
1.775520833333333603e-01
5.456249999999998601e-02
1.892187499999999911e-01
1.485000000000000486e-01
3.325208333333333766e-01
3.083124999999999338e-01
4.150208333333332278e-01
2.963437499999999614e-01
2.739895833333332309e-01
4.301041666666666208e-02
1.830416666666666858e-01
1.535729166666666978e-01
8.472916666666668872e-02
2.710416666666668473e-01
4.012916666666664356e-01
2.877291666666665360e-01
2.433854166666667707e-01
7.633333333333337800e-02
3.608958333333332491e-01
3.760624999999997997e-01
2.767395833333333721e-01
1.590624999999999956e-01
2.730520833333333064e-01
4.583333333333334259e-01
1.143333333333333424e-01
3.128541666666668219e-01
3.001458333333333339e-01
1.134895833333333520e-01
3.834270833333332518e-01
3.940000000000002944e-01
4.149791666666666767e-01
2.116874999999998896e-01
3.170833333333332171e-01
1.019062499999999899e-01
1.742812500000000542e-01
1.864479166666666021e-01
2.485833333333333783e-01
3.048645833333333832e-01
1.905104166666667098e-01
3.947499999999999343e-01
1.201354166666665918e-01
3.903229166666665750e-01
5.789583333333333387e-02
2.535729166666667034e-01
2.031145833333332928e-01
3.742187499999999889e-01
4.018645833333332473e-01
4.270312500000001399e-01
3.727708333333332735e-01
4.277708333333335999e-01
9.956249999999998435e-02
1.986562499999999787e-01
2.894791666666667318e-01
7.177083333333332538e-02
2.537604166666667660e-01
1.433541666666667547e-01
3.843645833333333428e-01
2.884479166666666372e-01
3.756770833333333837e-01
3.435416666666663704e-02
1.498958333333331484e-02
3.039999999999999925e-01
3.482187500000000213e-01
4.450416666666668353e-01
2.317708333333332871e-01
1.690416666666667289e-01
9.148958333333334636e-02
4.451770833333334454e-01
2.298333333333334172e-01
9.510416666666672222e-03
3.813125000000001097e-01
1.793333333333334279e-01
4.089270833333333854e-01
2.565729166666665395e-01
1.637500000000000344e-01
2.644166666666666887e-01
3.218125000000000013e-01
3.784062499999999996e-01
3.499062500000000298e-01
3.146458333333333468e-01
1.265624999999999944e-01
3.235937499999999578e-01
