2.980388690718638878e-01
9.411471356218683582e-01
-6.866051764177094618e-01
-7.452462018538003052e-01
-2.216292583019298101e-01
-7.333018508410932279e-01
-1.636806177432698628e-01
-7.895113889953840891e-01
-5.741102011523611104e-01
-1.000000000000000000e+00
-6.254977937659460530e-01
1.359400879830801601e-01
-2.074010905230373458e-01
4.336381871918055242e-01
3.523681219622754601e-01
-7.857534219433510714e-01
-1.129775857297032476e-01
4.726965598141419922e-01
-2.595886742694981653e-01
-7.824241620733413116e-01
4.409425534057885843e-01
-7.830862692709570361e-01
-6.268180301996898462e-01
-6.753851050380749177e-01
5.178124205339197372e-01
9.178727356975111551e-01
7.114827721467295030e-01
-3.327976711549103239e-01
-6.499538989069268968e-01
4.702120555064937535e-01
-7.312933863427276693e-01
7.561594761487921978e-01
-8.538195231820971953e-01
5.263196529795000078e-01
5.478440460779486765e-01
6.802720292371453592e-01
5.331780189744965703e-01
2.713707737548902155e-01
-5.686512423540290850e-01
-2.261340618868971919e-01
7.141396116639694425e-01
-5.619421413609571037e-01
7.816599772306994653e-01
7.429638526760398154e-01
2.449933225742307596e-01
3.689923459559894536e-01
7.014800310273670014e-01
3.878915210343534259e-01
6.459211052425840593e-01
-4.225985657219609726e-01
-4.046351557901319840e-01
5.196577180081654035e-01
-7.424063570927533773e-01
-3.776808888953342436e-01
-3.473904524063786692e-01
3.207431347368439600e-01
-2.607435004154153857e-01
-8.049029777252527662e-01
-6.826484248221648121e-01
-1.132087014508026956e-01
-3.391526835179222710e-01
5.001316385913606721e-01
-7.838966601678714063e-01
-4.079054863666910502e-01
9.260800188326255844e-01
6.369171596758973486e-01
1.263095792947542262e-01
5.713409497226115130e-01
-9.062313142833050561e-01
-6.613883742209765160e-01
8.217432260733030791e-01
3.475531954999279693e-01
2.486867118489872186e-01
-7.667435440930928658e-01
8.459612371710545364e-01
-4.665170172676765814e-01
-6.256651254365601655e-01
4.027147770780220015e-01
5.741710280251971499e-01
-2.773508882079972482e-01
-5.581490102147400600e-01
2.484619120922372526e-02
-6.468572413053784720e-01
3.279662465535805871e-01
-8.439830122650913147e-01
9.158103720957064819e-01
-4.298151173212296783e-01
2.951698873807152013e-01
8.769407078568381975e-01
-7.270494511774866497e-01
2.904531181785760530e-01
-8.127252346942195338e-01
4.659057964493166226e-01
1.954611625797713637e-01
1.177971605275206640e-01
-6.755115744018683754e-01
5.967063640185225060e-01
2.689951639037364561e-01
-9.662608495232144490e-02
6.420580401450315389e-01
8.431910116296111868e-01
-3.617623163701111366e-01
2.768100992006487515e-01
1.649909883893271312e-01
3.442802771613314161e-01
4.560962392332718607e-01
4.412509187604498617e-01
-9.763514243938192783e-02
7.975174580500347110e-01
-1.138371187424776221e-01
5.535615320531260819e-01
6.499245678890341882e-01
4.586224868149001987e-01
4.460881409900022687e-01
3.957486287257026558e-01
1.544091376603201893e-01
7.808473017883846845e-01
8.525972006669827463e-01
-1.480296507887597646e-01
7.063216597202718328e-01
-1.310228030633425744e-01
-2.108463107016052274e-01
9.739980264651332265e-01
6.182463291345635659e-01
8.387246403128256755e-01
-5.169429652157703226e-01
-4.531934238759301459e-01
9.171956814057099505e-01
-8.762540685450398437e-01
-6.000794990792941430e-01
-1.590683881099323183e-01
-1.694619991143439253e-01
8.393211306065812005e-01
5.328750456182673734e-01
5.503672547209617072e-01
-8.686135266506160857e-01
-8.494552843418329280e-01
-8.027003415794701224e-01
-7.791833138040306084e-01
5.230934642810705082e-01
7.951540118830712212e-01
6.704901719713306507e-01
5.207095450940233405e-01
5.886779542387410302e-01
-9.336547851983467705e-01
2.459081802879350964e-01
-3.303915019122986574e-01
2.500083533599792296e-01
8.267734861982333205e-01
8.620407146728674697e-01
6.760518160246561381e-01
-3.425840297607370410e-01
3.645152833334103226e-01
-7.288793438930544211e-01
-9.212183766598034396e-01
1.829794778914383968e-01
1.794538511635524747e-01
-5.883425104684946172e-01
5.683573450005759975e-01
8.097995186411863777e-01
-7.515108057880723891e-01
-8.349362295986109128e-01
7.738626310002209019e-01
6.365507204865399338e-01
-3.407857405334825951e-01
-2.560602685894489694e-01
4.203094403432235393e-01
-3.137147216817221668e-02
5.451625506727100223e-01
-7.872992939653279398e-01
-7.246676555825353194e-01
9.636268294431766801e-01
-2.194679555299559048e-01
-1.278189090823587670e-01
-5.615496494106080316e-01
-5.284344992047202982e-01
-6.549283122041339444e-01
1.174246977199782382e-01
5.513581190185338210e-01
1.964237985743353676e-01
-4.432755749342219553e-02
-2.397743422363844412e-01
-2.296384012563066901e-01
4.726412905874115000e-01
-8.437798572295641675e-01
-3.868474906609422059e-01
-8.602601668154641334e-01
-1.915820629202220071e-01
6.683083797474302923e-01
4.703872019876071953e-01
6.771446132998655276e-01
2.549897367484538768e-01
7.392850381866766796e-01
3.480816715019985907e-01
3.761798061647161351e-01
8.468698307451738572e-01
6.402673575642143788e-01
1.576341748481238370e-01
-3.316633957712620262e-01
6.312558207872178695e-01
6.915516672447719060e-01
-7.674042511334853156e-01
2.895173275540670610e-01
3.186205493895972185e-01
-2.613662642828849525e-01
-6.230323113044584638e-01
6.248567241321567600e-01
-6.692004231591395236e-01
-1.337243517883033861e-01
-2.230825885413112997e-01
-2.328110065752856395e-01
-9.139884272980066671e-01
-8.674708526834849776e-02
-6.715934188050031173e-01
4.127207433795856972e-01
3.074038409584637366e-01
8.186683521145852183e-01
6.420730718189447961e-01
-2.718813218750356087e-01
-7.610151173377930345e-01
4.414027109293171547e-01
-6.375763961170766159e-01
-8.293706461982466305e-01
-2.861021553149405983e-01
-4.191212885332405991e-01
5.200483592344115058e-01
1.269017087031318047e-01
-6.103196487792500458e-01
2.382231848289813325e-01
-2.900676512179814481e-01
-7.714435360668468744e-02
5.831300049438319366e-01
4.271083709125737538e-01
-8.073628586764031168e-01
3.463210860883007558e-01
9.055206770901090829e-01
4.476076108380750984e-01
-8.997491943718476382e-01
7.550955125214060537e-01
5.528486457922975328e-01
7.367486903604877346e-01
-7.587125242042437323e-01
-8.349716671109719268e-01
8.591419854562184488e-01
-9.006307789599958535e-02
7.773560262298817580e-01
7.393509597486018770e-01
8.895845008622114136e-01
5.039682725018292953e-01
2.181708236196345518e-01
-7.304851309503773704e-01
-6.655963168504759331e-01
-4.986772550416815331e-01
8.660281999986091384e-01
-1.167446746607161134e-01
2.484920481713122908e-01
7.091415386450765634e-01
-2.993788424394246972e-01
6.204662351978910140e-01
7.208486346881538553e-01
-5.356488038847038169e-01
3.641313744619132375e-01
-5.864615935302739391e-01
-3.542361626321027801e-01
-7.756683950932901084e-01
-3.949421360150458526e-01
-4.044693279323320345e-01
-8.327830332819745329e-02
2.635436386576638368e-01
7.745439674619473136e-01
-3.618555711742015291e-01
1.476951102209874411e-01
-4.096781096299546010e-01
5.903008790911702386e-01
8.562645168618020497e-01
8.501973644283771225e-01
8.224217880199068409e-01
-7.134940558819324874e-01
7.813201600187106299e-01
1.639676132078310422e-01
8.828678793885795795e-01
7.529126572979195631e-01
5.355391770049316991e-01
3.279076070220175443e-01
2.572430152219478683e-01
-5.862712203059185223e-02
-5.925607971531589024e-01
-4.702009219134936635e-01
-6.839499800466029011e-01
-7.466448304533407354e-01
-9.529881824513175559e-01
-6.747730356067364044e-01
1.558027957313636858e-01
-6.529408201123932942e-01
-1.932932892454368445e-01
-7.826146918597572943e-01
2.485313667337528676e-01
4.263543665946843697e-02
-7.606961857854216413e-01
7.364652270904330500e-01
-6.954178033859341745e-01
1.959109529445735853e-01
7.933243052734916256e-01
-1.958922703375042262e-01
6.774412945954509935e-01
-5.972092824291939245e-02
-7.203866868550171665e-01
-8.787903783229736865e-01
-3.907209725719948956e-01
-8.307043373245903695e-01
-1.432411081759991933e-01
-7.308118098591229739e-01
1.346866129200004480e-01
-1.459587968654537937e-01
-2.812898639458039640e-01
4.982161337155833203e-01
-2.649559068528106742e-01
-6.124245009550450813e-01
-6.616270732878286598e-01
8.362388598421308661e-01
3.984762015229795229e-01
7.763518433406600971e-01
-6.363616245881630329e-01
-4.485580031704632931e-01
-8.359476753856601716e-01
5.789207811877052912e-01
2.400085568199809283e-01
-7.033549458234816809e-01
-6.346718882276718432e-01
-1.533509771783573838e-01
-8.531794044321753256e-01
-6.764207829337357536e-01
5.516862667035643542e-01
-2.000303555079939455e-02
6.182505996816467508e-01
-1.182776040626827008e-01
6.067027000747755583e-01
-7.598654070386652304e-01
-6.758573342146751983e-01
6.208434185184595888e-01
2.770739990326001601e-01
6.556139903987350248e-01
-1.595090881735856947e-01
-6.819116722982651035e-01
9.361886353695039187e-01
-3.062955356264250306e-01
4.516745961795270992e-01
3.960349629646255920e-01
2.840353550145601202e-01
1.165557016063239609e-01
-7.238548879099672151e-01
9.233409267641108364e-01
7.532325652729964238e-01
-6.903453607190117580e-01
6.651657642874129195e-01
-7.558803305939650885e-01
6.668573252146421382e-01
5.011078607325690770e-01
-8.805219398964080346e-01
-7.394872250949382497e-01
-1.902750370884191411e-01
5.312446700264805699e-01
-7.104411688496298227e-01
4.551707565024259994e-01
-7.287892050794358978e-01
5.645359046762362665e-01
4.168216512841848020e-01
6.422835664756659790e-01
8.579192130690382889e-01
1.466040125287240703e-01
-8.074675847991027444e-01
-9.186994959414925832e-01
5.475219839436872293e-01
-1.143485750793177547e-01
-4.978705339391126250e-01
5.008132187721426876e-01
-4.977217495232778011e-01
6.875323543106490742e-01
1.688020436815546033e-01
4.581669953515234428e-01
7.865523536579503983e-01
3.092200276393390346e-01
-2.713630574574691923e-01
-4.281877450648938765e-01
-8.355418890055742454e-01
-8.438382425471684378e-01
5.190885090005346036e-01
-5.863076185627233983e-01
-4.423655853975345664e-01
3.473932030846488273e-01
-5.720371182165784329e-01
3.346674619191232214e-01
3.565965657765868269e-01
-5.574850201763102975e-01
-8.199358009055552898e-01
-8.706264854301268286e-02
4.745358470723291117e-02
6.688874048549625639e-01
5.611968589815792274e-01
-3.171730342925668245e-01
7.996824539122547870e-01
-6.135320340950760620e-01
1.354096564723801521e-01
-2.851169582013816095e-01
3.487875701866557931e-01
-8.073523651355305475e-01
-2.284769641541489205e-01
-2.553908831629555509e-01
4.548746803443367015e-01
-2.226743450607587826e-01
-3.593382603534532871e-01
-9.346253943526542374e-01
6.990061095123822899e-01
1.899748148305994699e-01
2.460431127518599714e-01
-8.762121457775311484e-01
-3.284117816366072806e-01
1.554381692470638565e-01
-7.287931726123643150e-01
7.371604394776632985e-01
4.567403653204613057e-01
-7.446424060207561535e-01
-4.097240337529211573e-01
2.674896512735848164e-01
-8.814418854786219004e-01
-5.077779989792829962e-01
5.514384127634186505e-01
-6.209351217460626904e-01
-5.512104035362783705e-01
-1.987532836924635338e-01
-5.621321393581307779e-01
-1.782504785106635292e-01
8.418073967789395651e-01
9.517220339180414435e-01
9.144719623769325123e-01
-6.367107932578828233e-01
1.760070267132922972e-01
-6.142350717816077443e-01
-4.078152267561431232e-01
2.939688272758589904e-01
-1.653354566801971681e-01
8.205229211454289073e-01
4.303050994105317439e-01
2.952441406503563681e-01
-6.361104272807227566e-01
3.978810730769749004e-01
5.743906696012223145e-01
1.724459535323265014e-01
-3.617718783101324664e-01
-8.669372899551311962e-01
2.053291813376145747e-01
-8.689019830832822588e-01
-4.389535821808527860e-01
-9.199380779854722245e-01
4.906618685540809488e-01
-5.936019260572308331e-01
-7.461878520842235574e-01
-7.286072467089081961e-01
6.632565591554476780e-01
5.396565312609727938e-01
3.883919270701204352e-01
1.775266615912043655e-01
4.974170621376708401e-01
-5.049904791899985090e-01
-8.297055180826226062e-01
-8.233942227344278608e-01
-6.252797241297125552e-01
-2.554088958944016885e-01
4.666702494556155822e-01
-5.648995808186105250e-02
2.673471362652919958e-01
-2.595582148077396067e-01
-5.451532828262029007e-01
-6.389295528247969091e-01
-4.886868601978903714e-01
-3.611736238715433922e-01
6.847774947508271648e-01
7.408185390968389239e-01
-3.786287989069620497e-01
2.942722184018186846e-02
-4.171343710791468040e-01
-4.694900269618841326e-01
6.954105207876372097e-01
4.052500057937787337e-01
2.442946798353534954e-01
-6.226095641437111583e-01
-1.728420095092151609e-01
4.226064298747433390e-01
1.827851043998221792e-01
-2.503164135930419643e-01
-2.251033124508239336e-01
6.775994575506273376e-01
6.980110479799258583e-01
-8.448136202510517778e-01
8.452365255976335146e-01
-8.528234446158680093e-01
4.481936885427774686e-01
8.179825258965831569e-01
6.580640160096262736e-01
7.130801322400037723e-02
6.863980920832074561e-01
5.100622043733420430e-01
4.105128877833537637e-01
4.899961874173750509e-01
8.037292236974636905e-01
5.480739637873588421e-01
-2.314631460352459535e-01
2.789469278472368474e-01
-3.001717610663675595e-01
-8.660579264382367581e-01
-6.682354509380722396e-01
5.847219754815106141e-01
-4.878606199472596550e-01
7.607949667899676083e-01
-7.005051895913230187e-01
5.144161618205390640e-01
-8.791162096812690230e-01
-5.982378200048540373e-01
-7.993686749579919093e-01
2.010099148144649239e-01
-6.257093127284570899e-01
5.007351965620278067e-01
-3.846873717184299823e-01
6.343551558408146995e-01
-5.856198390245508367e-01
-7.796280130569369082e-02
2.660465564471989897e-01
1.179625229143082821e-01
-9.017678215171512912e-01
3.018590304552089543e-01
5.620234873466655179e-01
-6.015633648324374416e-01
4.503123824662002006e-01
9.482844310759214190e-01
7.278760674529205499e-01
-4.289565864269028750e-01
-1.630403209440166590e-01
-7.572816035054539263e-01
1.042775576253278658e-01
4.421918271095662822e-01
-3.920354259273113318e-01
-1.779596154458158164e-01
-5.433934570397703778e-01
8.940931880687089661e-01
9.037156678310748203e-01
4.672231994417688772e-01
-1.993543528421687638e-01
-5.620288769216084113e-01
-5.961341508551306623e-01
-5.560351527646497649e-01
8.777389145539081783e-01
3.588558302417712009e-01
-8.036086454269567581e-01
-7.168589061069257085e-01
-1.248115167296455080e-01
2.046836267436723256e-01
-5.841471766245338593e-01
2.717137610773944778e-01
-6.536749195032701687e-01
-8.370634840197197502e-01
4.119920035084980725e-01
-9.501958589514938325e-01
-6.701361098043112641e-01
-7.497392989372336780e-01
4.812441498699246978e-01
4.299472504075160240e-01
-2.196575926211916940e-01
-1.451237903390983908e-01
-5.437566568661420519e-01
-8.574613024047905707e-01
-2.604700479582366252e-02
5.934288251364553402e-01
-9.028818632202898486e-01
7.416844973668663688e-01
8.993110783827056309e-01
-6.011802830078835091e-01
5.459172263960867522e-01
-2.235880882355610055e-01
1.585766315071212296e-01
6.024621178383328113e-01
5.074354729755650162e-01
-4.240698540693358526e-02
2.704081559604776253e-01
-6.220519631687968509e-01
-8.359665658485252449e-01
-8.348868274455168992e-01
3.040973759706717683e-01
-2.730817253684652002e-01
-2.159317866272396635e-01
-3.008518808500815211e-01
-4.216193650608437982e-01
8.136403685702987554e-01
5.923691061969481586e-01
-3.195622158907694965e-01
3.901042245636334727e-01
7.061937257096219112e-01
7.389674036958325809e-01
1.158225808219637276e-01
7.860292965648647545e-01
6.862020489210499674e-01
-1.234263673534615469e-01
3.744027410402616107e-01
-7.179072397267168837e-01
-5.429079895551321977e-01
1.432437827053484880e-01
-9.238451564079998013e-01
-6.909715976751892308e-01
-8.457485915533974330e-02
2.548695577758517405e-01
8.511325322067608834e-01
9.001895245269855295e-01
-5.015981192552599888e-01
-9.113493463320760934e-01
-2.581070992789988860e-01
-5.568782248447697869e-01
9.095159420405889428e-01
-6.453031701729891045e-01
-3.316637100426735318e-01
-1.815547756962185844e-01
1.151902913163379283e-01
5.720849691104994417e-01
6.160579079529429070e-01
-8.066727547153503819e-01
7.446604451949236925e-01
1.943479574052724701e-01
7.844187059908046544e-01
2.973704595780407023e-01
5.983000734011983957e-01
-2.196047758189999255e-01
-6.703904699412056578e-01
6.294136708301779626e-01
6.028327816055524535e-02
6.096143694653414352e-02
-9.073655566365247394e-01
-3.977636640426825410e-01
3.847856929237487567e-01
-7.600664874741446253e-01
2.549939600211162394e-01
-3.939432224553364725e-01
2.084675318674851507e-01
-7.761499984345080483e-01
4.864038619407435871e-01
7.857997776586232996e-01
-1.791266645361108134e-01
7.244831324438858466e-01
3.106580868880534085e-01
5.497113968109665905e-01
-3.419973350474218576e-01
-4.827092560481281991e-01
-7.673374842041226218e-01
3.544396744821497469e-01
8.220551294476159399e-01
3.914184668476900497e-01
-5.679358168218696656e-01
-7.058090751874602775e-01
3.655805636730943275e-01
7.682521074866051070e-01
-3.800441642926769004e-01
-8.384844480612279050e-01
-7.874726084048239150e-01
-4.331618605246415066e-01
6.381642126083306721e-01
6.958843495244652066e-01
3.468554657323610901e-01
-1.056991307746830699e-01
-1.212811851045512285e-01
-6.923306240358455543e-01
-8.711993792303155404e-01
-8.108333779142481434e-01
2.289844052586496592e-01
3.325910941541851407e-01
-6.860839802458468251e-01
4.471538517691959758e-01
0.000000000000000000e+00
3.722382579364870714e-01
-3.072175688046278608e-01
-5.761376194298603037e-01
7.371123214814108149e-01
-1.961769842382661277e-01
-7.732198616204692676e-02
1.845856774668605815e-01
-1.998577964112774608e-01
-7.389001432861835861e-01
3.316190059011443481e-01
-2.898390326483494261e-01
4.535601807118360140e-01
7.210941890102031682e-01
-2.639584257609481899e-01
-3.196829337228851986e-01
-1.292337944037882658e-01
-8.235466661044463788e-01
3.899948533543740048e-01
-4.064134511006136652e-01
6.389598202988436837e-01
7.726876815614990290e-01
8.231468887118856825e-01
2.588826267970065764e-01
5.569094127048090925e-01
-1.342297205878165145e-01
-6.505018509521601211e-02
-8.695723455206814945e-02
6.286208116345832764e-01
9.310467371513299062e-01
8.703554004382927367e-01
7.284159352419676825e-01
5.582290646570626791e-01
-7.927664477321294534e-01
3.978690488103770462e-01
-1.654151206249719896e-01
9.107106297235411096e-01
7.506093528926814917e-01
-5.018746231257869006e-01
-7.572892368101818983e-01
2.017241034018910362e-01
-5.108195828452842813e-01
-5.676400932881069394e-01
-2.517720070438406732e-01
6.764038261740166202e-01
6.097172876648729867e-01
-3.057544684580662531e-01
-3.663926951533583720e-01
1.163306120023099716e-01
1.668302137313864841e-01
8.675209701199285695e-01
2.757246041000872006e-01
-5.728822733333219785e-01
4.869026464939965049e-01
7.351458209827520518e-01
-2.041631091871684844e-01
6.452096513045492143e-01
2.697902432531300021e-01
-5.161751800012669422e-01
6.562174152222199908e-01
7.788821474058524874e-01
-7.156669238987308779e-01
-7.973402112531068342e-01
-2.157000716610712188e-01
5.454728462349749396e-01
-6.193855934913462535e-01
-9.404027452985098678e-01
7.819685891592319527e-01
8.413741083511157015e-01
-4.685555543521449651e-01
3.599596029888274540e-01
-5.313384878509286313e-01
-1.144272699570450524e-01
-7.164410769603652973e-01
-7.996979082937328842e-01
-8.743244776784305783e-01
-3.235806718307631114e-01
3.080324862763081373e-01
-3.119004751183231949e-01
-1.702956500772678100e-02
5.825954512883946279e-02
7.250080564695150498e-01
-1.221417572018751105e-02
3.776369572611860126e-01
4.372711724067478989e-01
2.166611996020899322e-01
5.472077921041801352e-01
-1.780363812705104687e-01
-6.539282031566930886e-01
-8.196457333563295089e-01
7.996311578266395159e-01
-7.656997820193429949e-02
8.713649565061812874e-01
4.672228079380896792e-01
8.298480414306431685e-01
-9.083324087615823883e-01
-7.958346964333933293e-01
-3.982168886519354967e-01
-6.269960024645824248e-01
-7.772713052974432602e-01
6.255317154476369712e-01
8.345073645888567704e-01
-5.372389867030841204e-01
-7.110073688294872296e-01
-5.559270492152856846e-01
7.917110875942758863e-01
-7.537641033736043328e-01
-4.510839570457005343e-01
2.079100420922348480e-01
2.218377398890354901e-01
7.388195077797021781e-01
-2.003735335309597965e-01
-6.258698575976612277e-01
2.531739545371843869e-01
1.886409824093095156e-01
-4.473394269402068413e-01
-8.812854213952433513e-01
2.212126349364291755e-01
-1.214190976042479608e-01
1.840712390366393281e-01
7.004439228637555637e-01
-5.667720910238257526e-01
-6.445105703484739212e-01
6.192991644864549727e-02
1.452391385528138124e-01
-7.447457209992588423e-01
2.239142398255611621e-01
-1.724164624775282040e-01
-7.854668895673129203e-01
3.430797273480634679e-01
-4.918547596465855376e-01
-8.635912416870080710e-01
-8.950175046446112725e-01
3.015093044965712621e-01
-8.635704877947064650e-01
2.034134474699985373e-01
-4.672850494142903877e-01
2.084756402977197554e-01
-3.234126409442428796e-01
-8.366663806159766459e-01
1.684502382436921519e-01
-8.710574696836854702e-01
4.525295697295980135e-01
-6.450174938644475109e-01
1.395262918190160462e-01
7.087834082398024593e-01
-1.223334419346179675e-01
-2.147472463360260708e-01
1.588369386872684474e-01
-6.261704394667665374e-01
-8.166392111432974055e-01
-7.270210598042756711e-01
-4.189333800256906937e-01
-6.047572778878349542e-01
-2.983717255075198915e-01
8.317155844409298560e-01
-7.439622566886522348e-01
-5.827875407327312018e-01
7.140234268202048096e-01
-7.924283666913730650e-01
4.057701108637890020e-01
4.117243299682509794e-01
8.654132754801701077e-01
-9.177639170211957520e-01
6.184019876917166147e-01
-4.416526290514702358e-01
8.734949727723761992e-01
5.951774007899346408e-01
8.701568613936307983e-01
7.894148510721451517e-01
3.032976465438375069e-01
6.879572781840115336e-01
7.140108948362697827e-01
-5.265461633687037457e-01
-9.020931100401309577e-02
-9.114147661779702370e-01
-1.316186645058105287e-01
5.130498009875398280e-01
8.357243418072993757e-01
7.067031898896947162e-01
8.209281407964039712e-01
1.619297355021184770e-01
-7.218114746701068674e-01
7.666470622357038911e-01
-6.951918753004485696e-01
-6.121375232671711908e-01
-5.944135006531511278e-01
-1.599546873870293096e-01
6.528083470111138986e-01
-6.752610400317502481e-01
9.054471368475824899e-01
-3.383973215723283801e-01
-2.269645295021614217e-01
-1.882577846728830939e-01
-1.703385880621990367e-01
-2.116234857226768629e-01
6.850452874983407880e-02
5.889773034405995089e-01
-3.024987627515281496e-01
2.686509513746510591e-01
-6.703400311792467869e-01
4.192367170099114970e-01
-5.129644251270392141e-01
-4.553682543165094021e-01
-8.358192035459098834e-01
4.531218193859370968e-01
7.424006313940806345e-01
-4.462607189592417978e-01
6.398683626125126755e-01
-5.977020319889132516e-01
2.224364751977256360e-01
-4.796023720852696792e-01
4.172399155255184233e-01
-2.776123996144528872e-01
-8.418733729876956007e-01
8.648446791357619068e-01
-7.692771254225215793e-01
4.575693572590010527e-01
5.546923597773050219e-01
-6.371425560889049100e-01
-1.424820485555665095e-01
-7.164198661374326926e-01
-2.132272712482581878e-01
3.312688440244265231e-01
-4.465719262808413581e-01
-7.380128900168161366e-01
-4.548097428856893720e-01
-2.495103313107928655e-01
2.729304390519309287e-01
-3.623725864868606039e-01
-8.851696372528231049e-02
4.159363958144755014e-01
-6.005616041375984038e-01
-6.426354246902944434e-01
1.785305350765009902e-01
-5.869982775192877922e-01
7.674869070523395731e-01
5.612752474693262217e-01
6.497442708135786615e-01
-6.224758632939931813e-01
-4.659921788684568411e-01
-4.431653911697830406e-02
-7.275294652077642921e-01
-6.508243486685079127e-01
-8.529972340034419620e-02
6.543506879614575666e-01
8.461635632076074387e-01
-6.704493320215030305e-01
6.970169391430589556e-01
-4.063057271324473918e-01
4.462625823941438474e-01
1.922064967245301903e-01
4.419423930815660206e-01
5.056321829911218924e-01
8.657941429985643866e-01
6.482888816120034869e-01
-7.177157968939669175e-01
-8.072155459480828688e-01
4.894492347617241945e-01
2.149272520630017280e-01
4.742361368641864749e-01
-5.860322457196760482e-01
-8.178951579271795946e-01
3.230045224632988043e-01
2.843430669886838347e-01
-5.286421722665359813e-01
-7.075811616744035470e-01
-5.324001420244188765e-01
-4.560632108794028527e-02
7.522307386812832064e-01
-4.559139151242597721e-01
4.612405514623362790e-01
-7.701862324884649613e-01
2.514911438990504178e-01
-2.425976110855865564e-01
-1.862711751435256469e-01
6.021447030186586336e-01
-4.500949454033731922e-01
-7.856187568182162462e-01
6.617298694949530491e-01
6.433756256118025041e-01
-5.795115945852936656e-01
4.308941592567460122e-01
-6.679718150280594680e-01
-2.301099445105654340e-01
7.428847649266706599e-01
2.451816152388767434e-01
-8.443152005368999014e-01
5.328244752525622685e-01
6.185078998919972815e-01
2.648859184931512956e-01
2.147264538827325930e-01
-1.472277225032119774e-01
3.016614086653308102e-01
1.462469672194217363e-01
-7.867833706982695352e-01
-6.549620926603365589e-01
4.718331149273322089e-01
8.161852801598736828e-01
5.416877829494319840e-01
7.082445198773693606e-01
-2.724240655676231082e-01
-5.113744462447510353e-01
-2.683264339667327802e-01
8.801305932452349046e-01
-9.274246237538306126e-01
4.469419332076302598e-01
3.230198867782713701e-01
-8.290924245963723904e-02
5.714281606822543269e-01
-6.970779711948137392e-01
-7.977078951643435945e-01
9.333087525894542824e-02
5.793815858657722639e-01
9.345329746012860372e-01
2.739911602411337910e-01
6.554311561728390911e-01
-2.048002870220370641e-01
-5.669456024635907143e-01
-7.026649392023145424e-01
-5.520190620072503718e-01
3.814766054648963123e-01
2.614615068048498636e-01
3.413814230191652976e-01
4.295833937507994582e-01
-7.513397301567051878e-01
-4.233416044712962623e-01
