1.956949493884797830e-01
-8.339142635730002473e-01
-3.700897522716848909e-01
-4.344329177860057345e-01
-2.399061633670407645e-01
-2.103950370301733153e-01
3.162514369315034823e-01
3.998391426086357892e-01
2.639520647990126201e-01
4.460766149178428952e-01
2.741320701957095651e-01
-9.360054940264953549e-01
4.472806865119023922e-01
-5.336142429438198720e-01
-5.933048620345633406e-01
-2.917674692958267535e-01
3.088054817754203318e-01
-1.854952453461026218e-01
-2.114051980015569376e-01
-2.065747581646582010e-01
-1.085424827826805688e-01
-4.103950141834518672e-01
2.055525547593026470e-01
-7.568228253614609491e-01
-2.930747937804600856e-01
4.449197982070002277e-01
-1.969829438467790295e-01
-5.594621707304192615e-01
3.703385902064238455e-01
3.701991580180078456e-01
-6.691223983871861236e-01
2.733075603066991155e-01
-1.458799093347526998e-01
5.661699009202758592e-01
-4.050631059892418895e-01
1.508693267734195487e-01
4.240897236196058406e-01
-6.184285394870112640e-01
-7.950577569297730962e-01
-3.480678277360595430e-01
3.596283253832512905e-01
-7.291551620816838497e-01
3.399843742115547518e-01
-3.393616424108114593e-01
-6.188422936482224079e-01
-4.565184801169760442e-01
-4.965430306957731577e-01
-4.050362430562760574e-01
3.109633021602085101e-01
4.394785422254602336e-01
-2.565960322604081134e-01
3.836156404267470066e-01
8.785385252175682835e-02
4.045644132962233908e-01
-3.122974898069064698e-01
2.367690346790394251e-01
-3.943488153529602358e-01
2.629420118939413964e-01
2.990116252280875520e-01
4.672467850955288049e-01
-2.960450369923290359e-01
4.440423794804935764e-01
2.617187001752391828e-01
-5.989507910003496471e-01
3.985313266059513637e-01
1.502635280386067085e-01
4.027632386303594547e-01
-4.278724727922708637e-01
-3.489474969555340089e-01
-1.415978124536765581e-01
-2.566797150385707882e-01
2.488519330586609346e-01
1.479151803427321832e-01
-3.060169364569984563e-01
3.197779782877968602e-01
-4.874765544814659290e-01
-3.180236416970407265e-01
-8.493210154966772674e-01
2.380795429745984071e-01
3.700353823682774324e-01
-2.528274965295878030e-01
-4.799921477640990697e-02
2.470569610937531912e-01
-3.661030989738495722e-01
-5.283104460829161075e-01
-2.051828380813261188e-01
-8.720873651366473078e-02
-7.132840722187508975e-01
-3.798861422057639436e-01
1.208340961822817750e-01
-3.018978494260412537e-01
-3.061679863217106612e-01
2.986221656070711661e-01
2.632360421009340978e-01
-5.228194930019927078e-01
-2.930708554764914209e-01
3.422453731185708392e-01
1.762082127755780769e-01
4.156537009431482965e-01
5.184855490293154290e-01
1.773403706016588033e-01
2.309753257014352246e-01
2.314385782647623846e-01
3.347711990451090469e-01
-2.818855502452771722e-01
4.608988297104827936e-01
-3.066343256330539280e-01
-2.267764992894077125e-01
-3.237828488088653200e-01
2.254286768885224723e-01
2.378498185856243730e-01
-3.845918611663766140e-01
1.404689467654306190e-01
-5.180987646829878779e-01
-3.965750931218258724e-01
3.682736771086177474e-01
-9.202572957301404788e-01
4.461131638771306251e-01
3.311069644939591550e-01
-2.413772663072747404e-01
2.314720285359580521e-01
-2.856230972896984799e-01
5.014711688073483220e-01
-6.387746264593171519e-01
-5.338494788624214005e-01
-1.691178755516062893e-01
-6.661960393417319937e-01
4.321951567425107998e-01
2.860018406914923150e-01
2.762392104681730687e-01
-2.719500104555654940e-01
3.320111025596898524e-01
-5.990711099277896690e-01
3.328921302636355106e-01
-2.484537303969703292e-01
3.031870697319213881e-01
3.888565785481757908e-01
2.974804538530542164e-01
4.782149433979782649e-01
3.906591138376686034e-01
-4.380063559034279019e-01
4.303687100599915549e-01
-3.284944843979745732e-01
-3.447465434368741088e-01
4.546135882999629008e-01
2.730739817300560368e-01
-2.924781079535191397e-01
3.442978939825847573e-01
-4.525899784046634733e-01
-1.601508471873091255e-01
-3.920613950948527715e-01
3.141394866166721811e-01
-5.736256974981745332e-02
3.302920584339447130e-01
-4.255625697471889790e-01
1.673435106882028012e-01
3.328189969815212312e-01
-5.658404583532409271e-01
2.841860965812864070e-01
-1.054377387987175535e-01
1.982574510692323155e-01
-2.992990627856593200e-01
3.137543761070359927e-01
3.914721403266606670e-01
4.822188804164433962e-01
-4.655047329348567242e-01
4.936088719932189145e-02
4.698058463683915664e-01
-3.907764935000836992e-01
2.688535456079962915e-01
3.815320706894242409e-01
3.357989362565991232e-01
2.872704473559666294e-01
-3.580237364044736581e-01
2.593333323335219043e-01
-2.664817236562718183e-01
2.862212729718557891e-01
3.988554873767963249e-01
-3.344324615718606841e-01
-3.482288098676800114e-01
5.259081285336202338e-01
-4.743501802350538754e-01
1.927435423674083437e-01
2.169586171695809529e-01
2.296010838094136586e-01
2.352708689700510614e-01
-5.480669468735868133e-01
-1.692562495540753664e-01
2.912417633239400283e-01
1.276453106779535662e-01
3.340600557650273972e-01
4.678372585325886734e-01
2.241287322791765679e-01
4.424035814958908186e-01
3.216303740247406506e-01
4.369096807733199306e-01
-7.033623243863669217e-01
3.989032778815087554e-01
-2.895943666635971692e-01
1.053987174295395596e-01
-7.040102891506720972e-01
4.335746650438490613e-01
-5.382318058440902497e-01
-5.199968816078477385e-01
-3.161498190866132152e-01
-5.320899343829172956e-01
-3.453041796627943083e-01
2.615582914396012981e-01
-5.251470868080797549e-01
-4.066295733566024917e-01
-2.477209240180269501e-01
2.525356868557108170e-01
3.862437558687755179e-01
-2.980509478801726675e-01
3.659443521566090318e-01
4.244273571235534503e-01
3.245391164820088936e-01
-2.944954216719006812e-01
-2.251531567812884160e-01
2.409022804165131815e-01
2.315394558202804320e-01
4.428306193706847971e-01
-3.783751130166591592e-01
-2.754583520688891896e-01
1.696519692099006105e-01
4.432366638964210237e-01
-3.557762690621912860e-01
4.075378857738977123e-01
-8.908618903938565758e-02
-2.104813672343538444e-01
-4.842266715143421218e-01
-6.281671916394612198e-01
-6.346051510747183766e-01
-6.867167276059574776e-01
4.031968650805657362e-01
-2.822529782504168416e-01
3.404600070768769027e-01
4.844553670457947270e-01
1.740370199785821470e-01
-3.265111202436423166e-01
-7.846728967739318161e-01
3.711685175343685250e-01
-1.938882706214392904e-01
-8.453964161010348866e-01
4.508109885663155736e-01
3.149835125678484005e-01
3.404157087573646545e-01
2.701748565262952484e-01
4.508764229027597548e-01
2.923560528120300872e-01
3.756637288689208543e-01
-5.484745271522880605e-01
-3.918665647857625389e-01
-3.977253925341162621e-01
3.688920990907305630e-01
3.025686693698871887e-01
-4.613932468231347617e-01
5.484894785887277635e-01
-5.054336429123809094e-01
-6.774832241394266319e-01
4.752307116600980041e-01
1.042025740694836472e-01
2.763776041844800413e-01
7.712160835701541151e-02
3.471306381135133012e-01
2.944989250625525412e-01
-2.008345656237818522e-01
-7.929533354075585239e-01
2.876484678009247897e-01
-2.709508015793276048e-01
3.325776855169939594e-01
-4.063346675391436569e-01
4.270226740540244981e-01
5.912862516293373311e-02
2.593402727007218522e-01
1.265770706038894799e-01
-2.513460482053326284e-01
3.122842868393834181e-01
-6.824275623235976918e-01
-4.059891169321554472e-01
1.640752326291214647e-01
-6.195594431000849278e-01
3.674735024455340615e-01
2.920854359699524561e-01
-1.211492804132025120e-01
-6.731083907184582937e-01
3.952808551125572833e-01
-6.501955931069499650e-01
-3.224805272520091526e-01
2.720474287728740226e-01
-3.790139733596812888e-01
5.210224077357670236e-01
2.046564255615671568e-01
-5.314621678199552557e-01
-2.295478246117478305e-01
-3.935642201417361985e-01
3.796129091831019764e-01
-3.917788906203527599e-01
-8.077342929823485562e-01
3.127013322863786415e-01
1.730489669090153892e-01
2.755513995906662683e-01
3.622588063224694288e-01
-6.574872495777697168e-01
3.898154623891267323e-01
-4.118537139581763262e-01
2.860624554254655449e-01
-4.266655379441396390e-01
3.544436379332000508e-01
3.961045279883549375e-01
-4.930256367496327896e-01
-4.406837095879149180e-01
-2.481491570484415377e-01
-3.934205810580803653e-01
2.677831537524554828e-01
-7.440868348000710952e-01
3.325404921194808905e-01
-3.969898056411084175e-01
4.282954165931880386e-01
4.271615765589825142e-01
2.143974378128719882e-01
3.336069806318635034e-01
2.695850413323944150e-01
-3.096949937557603727e-01
3.224482597396192696e-01
-4.550954752429280936e-01
2.789872927465084640e-01
2.463564309116943740e-01
-1.267510889907846883e-01
3.924687086993385865e-01
-6.268334019615391384e-01
-1.064566109727983212e-01
5.317854478749547420e-01
-3.076240392045059835e-01
3.712377841544401424e-01
-1.818505810068625494e-01
-2.622687647915671882e-01
3.354437442533608760e-01
4.151637316197581140e-01
-5.283701321678437868e-01
-3.350476385091546994e-01
-4.097204412917965777e-01
-4.900127979181393423e-01
3.641703947184506962e-01
-5.423254680675877459e-01
4.280114155563728984e-01
3.758789463064758363e-01
4.537308087508708510e-01
-4.075282370970955692e-01
2.451361151029699814e-01
-2.812048360634823441e-01
1.838371214307592261e-01
2.437143847925415108e-01
2.915691284051823429e-01
-2.546608264564915181e-01
-5.938456481102596385e-01
2.153863184478722881e-01
-3.811684673278893931e-01
4.459942476125101640e-01
-8.515037816703299178e-01
3.080639229198795515e-01
3.086041116751604418e-01
3.414580073077759237e-01
-6.761257570571497233e-01
4.967409429623921846e-01
4.263103481391355420e-01
-6.204226632246843121e-01
3.535363140525137893e-01
-5.674235981554142105e-01
-3.372358232948845513e-01
4.364892024444394503e-01
4.142426828333886646e-01
3.421278396974137825e-01
2.077473962422523579e-01
4.371349403363613551e-01
-2.056172673909626714e-01
-3.818145566290301884e-01
2.322212448905087989e-01
-3.920390197124156151e-01
2.567982862587349091e-01
-3.249629255160971231e-01
4.072397919063185379e-01
-4.822966964163124537e-01
4.036286431309765721e-01
-2.920630053236992207e-01
-2.666383935797199678e-01
-3.154944410037809899e-01
3.087895242771161453e-01
-3.156299793101127737e-01
-1.602738217795348918e-01
4.406171788762718866e-01
-6.949632552627449389e-01
-2.576691089511466415e-01
3.297158176031760868e-01
3.955996059158921052e-01
-4.749586111225504448e-01
-3.824185007371970757e-01
-1.460066666163041260e-01
-3.783388387337776049e-01
-5.754079372545833904e-01
4.521097662243159787e-01
-4.685429598138446949e-01
2.930624190255752270e-01
2.578782953672035250e-01
-4.102621321873786697e-01
-4.816113159586840053e-01
-3.685341684014099006e-01
4.428663011685037842e-01
3.126177794166682400e-01
-4.514511855114545780e-01
-3.830190297571849922e-01
-6.549338956057841610e-02
-2.582153724630542047e-01
4.077499708269927137e-01
-2.961312079782219553e-01
-5.242621825328737106e-01
1.881451211279308311e-01
3.450961462660728785e-01
-7.836806611175828330e-01
-2.909543484455811568e-01
-3.985534858514854228e-01
4.383061585353049128e-01
3.132289581661530375e-01
-5.835264125053901685e-01
2.559617284748449406e-01
-5.600654615589319846e-02
1.973869043448857330e-01
3.491965071716125468e-01
2.708321638256476205e-01
2.747919737546506980e-01
-4.007021847359661937e-01
4.274926522114420591e-01
1.043380825506649151e-01
7.448304178811721021e-02
-9.610018530818421612e-01
-3.978036097416885464e-01
2.994765798257755240e-01
2.612298989909841440e-01
-6.662930043593690010e-01
-4.847818323152860431e-01
-5.033530078418907427e-01
-5.596968939009634436e-01
4.972848795373597253e-01
3.573087868672134015e-01
-4.301778006357369621e-01
-5.523677776413173923e-01
-2.942610924663131566e-01
3.575924261814429350e-01
3.543482815622320259e-01
3.120332470732278263e-01
-1.551454614039608770e-01
3.642616234996302604e-01
5.141036001675367562e-01
-4.120406900429635644e-01
-2.277818278876318769e-01
-2.441740957050187733e-01
4.798450086142918014e-01
2.351242859962287546e-01
3.397894896091723238e-01
2.081415821295703461e-01
2.879496875611524676e-01
2.473663453892140651e-01
-3.514488536500551819e-01
4.061190945149759646e-01
-4.330850801747478940e-01
5.543132239472349232e-01
-7.390852918896511081e-01
-4.445748151482171173e-01
-7.073602241592097384e-01
4.353837206083824296e-01
3.657593490899658795e-01
2.268596814540078388e-01
-2.817846024335033395e-01
5.548129404977525381e-01
3.110525253346555496e-01
-6.056056125954184521e-01
3.006981928655548808e-01
-6.398471084481667237e-01
4.545282243496432950e-01
-5.092236685054152279e-01
3.425060289733470320e-01
3.574829425722515497e-01
3.776441731145858682e-01
-4.828997815332434773e-01
-5.705915458463080014e-01
-5.644770053311256586e-01
-3.495690113636073515e-01
2.750250886928638505e-01
1.049327215923220730e-01
4.316204851645085161e-01
3.219623085398116702e-01
-4.750682456802630127e-01
-5.339385295140235410e-01
4.411610192439897604e-01
-6.670636235691427274e-01
2.488484572079014689e-01
-3.072223217039727894e-01
-6.303046076366592976e-01
-2.379672709756153193e-01
2.579423242739350974e-01
2.246801716770576995e-01
-4.166975143380445834e-01
4.420912894881176003e-01
-4.992790400547803542e-01
-5.432393093624556801e-01
-5.407501424889155084e-01
-5.361438455878144715e-01
2.425674878692834768e-01
-4.936607468520097242e-01
2.897259610971097410e-01
3.795090817035783881e-01
-3.073086153125861864e-01
-3.827003857681717802e-01
3.935796289354614452e-01
-6.165831707976594522e-01
-3.125454297508596380e-01
-3.616535469455142704e-01
-4.190793367343395026e-01
2.437862106902428938e-01
2.720876350692402745e-01
-4.473055487141940345e-01
4.236042996345568135e-01
1.618932933011042463e-01
-5.447626760846727700e-01
4.008255157992383633e-01
-7.302976855202729656e-01
2.956667543901292938e-01
4.510233055515072698e-01
-6.695329194173156306e-01
7.550675346440358093e-02
2.202274952434328525e-01
5.784109555250853685e-01
3.712729275554448871e-01
3.333377779148987141e-01
-4.467684546997641171e-01
-4.560736576524855312e-01
-6.128970110077561761e-01
-2.756450022086593399e-01
-8.185094805414618868e-01
1.754198962157744179e-01
-8.692668348170169423e-01
-4.682002702051198950e-01
3.870405884342940084e-01
3.172300459854902055e-01
2.833534710351932051e-01
1.984488542688979673e-01
4.375905030649631100e-01
-2.778009543498143885e-01
-2.521812678056255530e-01
3.735881752342198880e-01
2.882703829190805256e-01
1.920591326186977810e-01
3.223527923111249027e-01
-1.386109603791187972e-01
-3.183856810615608990e-01
-1.635608689731698484e-01
-2.321497447053520735e-01
4.206338152326165591e-01
-4.327296106815508026e-01
-4.357996033117767509e-01
3.997915117558068498e-01
3.595193623740212674e-01
2.933459792936840560e-01
-5.898436986213434485e-01
3.119614101606492107e-01
-4.795036793980793077e-01
-4.158717572952441155e-01
3.173813204498221463e-01
-1.720778854319706119e-01
4.596237222851585202e-01
3.256018630836142735e-01
-6.221513092988754101e-01
-1.000000000000000000e+00
-3.589762945764903845e-01
-6.916172522126842193e-01
-6.981802179719217571e-01
-2.979127302034996760e-01
4.489409869174424417e-01
-7.973936017101982410e-01
-1.863330832738725185e-01
-5.173757784733050702e-01
2.953710366051772729e-01
-7.540231472922089839e-01
-5.178470739136680212e-01
1.274333795806742997e-01
2.359990108450044366e-01
1.890904128377055293e-01
4.442569592572879200e-01
5.080647269343825378e-01
-5.797311174063353167e-01
-1.717920564690158525e-01
-2.945631607146848574e-01
5.332109463654000070e-01
3.027655939093757964e-01
-6.052695083744097371e-01
3.477392545608073982e-01
2.574516541906412548e-01
5.032708497969439199e-01
2.215097162905596551e-01
3.735583907630751210e-01
5.120811814345305191e-01
-3.436364076022073166e-01
4.077736759279625978e-01
-2.351640164767119234e-01
-2.713307088404431910e-01
3.389373617288334306e-01
3.223991979874527569e-01
-3.745624433598369607e-01
4.159852081891839415e-01
1.151231106275156513e-01
3.696493282442293027e-01
-6.292861849244777428e-01
0.000000000000000000e+00
-3.644522498551216461e-01
-4.361534355152344444e-01
3.795669347477745870e-01
-1.996810943929686055e-01
4.084553741492947809e-01
2.118094453387351361e-01
-6.172680089798634473e-01
-4.250518469601375915e-01
-3.022911369615607358e-01
3.027731967187523576e-01
3.087060710890241477e-01
2.590408880311459439e-01
-5.271535231136843525e-01
4.138833076075337236e-01
2.710138247315116988e-01
3.800043830082829865e-01
-6.006651983460102873e-01
-5.290633798256563214e-01
3.070294039839564504e-01
4.158167347757457666e-01
4.230315704015573663e-01
-3.152546710745641745e-01
3.195779731533116008e-01
-2.295036527451075059e-01
2.731508635886191194e-01
-4.875289529924819454e-01
2.869269265828987558e-01
3.262792674711943453e-01
3.698149339668879154e-01
-6.493079115174344995e-01
-5.378049021688916520e-01
9.105464552348820073e-02
-1.699142197788502673e-01
-2.487700514871420965e-01
3.498781502913692609e-01
-4.615663736552634844e-01
4.380038684475731636e-01
5.330968249405548809e-01
-7.959942012397671629e-01
4.068692607612246492e-01
-4.994668573902846243e-01
2.717394244637193479e-01
2.394220418663812744e-01
-2.979119278824273742e-01
2.781688099375811407e-01
4.555142357759018878e-01
-5.145563990262838061e-01
3.001299968289246611e-01
-4.132358646005369618e-01
3.980519095333960866e-01
-2.885118992833795581e-01
2.759154714711944956e-01
-5.672133950472106889e-01
-1.477351915531179838e-01
2.836007419482592939e-01
-1.578561832146872235e-01
2.357410538652926213e-01
-1.195073049912544622e-01
1.515521180068043761e-01
-7.044713085503995220e-01
-3.896271092343170372e-01
1.957167292154941562e-01
-3.473759045162952974e-01
-4.111843508556830562e-01
-5.662120870485192192e-01
3.220698809674946705e-01
-3.752691455672251819e-01
-2.028622202855800416e-01
2.827714022708852637e-01
3.740328751732894252e-01
3.040019451212270241e-01
2.563474929810268810e-01
5.534440657495687255e-01
-4.529183324333174721e-01
-3.692268044984749475e-01
-2.168213157283376546e-01
-8.838640103642320112e-01
-2.514887295989641780e-01
3.684198954928116221e-01
-2.418068752041212244e-01
-4.519268472917402635e-01
-8.531566526918081816e-01
3.065444823485186099e-01
3.211471349121349794e-01
-8.483575836513935764e-01
-7.254701434165427010e-01
2.552648556783558287e-01
-3.894963825196707807e-01
2.349323722069116827e-01
3.432962518997952350e-01
3.055788025431663280e-01
4.166020550744622963e-01
4.439409340742094257e-01
-3.470509361492952749e-01
3.011399308751286918e-01
5.262005432760827883e-01
4.069611207484665205e-01
-5.350515693064797906e-01
3.876742987694685172e-01
2.647788432759227151e-01
1.678591182589800057e-01
3.085662603461629128e-01
4.544955881073020620e-01
4.956679649504960872e-01
-2.828899721934003408e-01
3.733447506618715606e-01
-6.342078425610343517e-01
-7.166555503865520427e-01
3.541699924692285339e-01
3.566838974833345111e-01
-7.385555031318772334e-01
3.015502733029507554e-01
2.521086793625607614e-01
3.281310168790776416e-01
-5.107538927570133280e-01
-4.266153014407910726e-01
2.442545788000877183e-01
4.160134626215945541e-01
2.743165693949382589e-01
1.329358905744029706e-01
3.152539295478964942e-01
-5.807053712829156611e-01
1.520409668462237018e-01
-2.800672770012260226e-01
-7.782885790688754968e-01
4.295732607024584371e-01
-4.447944767247362097e-01
3.048297775261952225e-01
-2.611345096707416435e-01
3.824600449573686833e-01
4.715594514470045628e-01
3.439757805452975381e-01
-9.524988934629130544e-02
-6.797727968140452326e-01
2.716623444739760251e-01
-2.946773045591211670e-01
-4.149085187237234185e-01
-3.958930658424202886e-01
-8.317931894607148990e-01
-3.517349762588607986e-01
2.887509362421311621e-01
3.109459900807413635e-01
4.379646748024055292e-01
-1.652555800264595698e-01
-1.726206948987643319e-01
1.951790366527421938e-01
2.192217321900521709e-01
-4.657967282279647514e-01
-2.687425409185696390e-01
-1.660418800582278420e-01
4.306286349989141282e-01
4.637910751361615791e-01
2.006444583535811621e-01
-1.853156382064141128e-01
-2.901838466976782160e-01
-2.576080153673119821e-01
4.755370294520282481e-01
1.480497960738048346e-01
2.495619571855874352e-01
-2.493536107680961733e-01
-2.891624613559842238e-01
-3.306856252009695574e-01
-1.447213823892124218e-01
2.123105958195097287e-01
2.055425771976749638e-01
4.631189532812427512e-01
2.383360124431670168e-01
3.895152659287494101e-01
-3.680611738915998132e-01
4.365952843424799612e-01
3.097812033325931802e-01
3.011787686655112983e-01
4.258399337761321068e-01
-2.723570806417260903e-01
-3.766854057873570971e-01
-3.346591719401132425e-01
4.236121852482763184e-01
2.855131544988061543e-01
-3.488267235809703326e-01
-3.187537477128283281e-01
-3.058215139606679234e-01
2.835985211364328573e-01
2.578574864827722912e-01
-7.399102723985261088e-02
-3.798039508526270258e-01
4.712653134753716500e-01
1.530281117286944881e-01
-3.027464122102500044e-01
-3.407636230342294126e-01
3.591022103632422469e-01
1.760118544078235203e-01
3.073355062907456303e-01
4.496471429375085704e-01
-7.023935881158792638e-01
1.818190167264764345e-01
-5.825851274735655005e-01
-3.137906888599943378e-01
-2.064666684906407701e-01
-3.998164647203156230e-01
-6.843492209361282663e-01
3.592650997832496640e-01
-4.757723771777583321e-01
-1.433944135933841457e-01
-8.835111255702936539e-01
2.900302739485989267e-01
3.068831165943144423e-01
2.944385514909872437e-01
5.824147346081129939e-01
-6.277170030627783337e-01
-2.363939148848283878e-01
-2.190283769046823814e-01
2.803737673310772727e-01
4.811325008097132594e-01
-3.569925741556332355e-01
1.809430902641340766e-01
-2.386812646339922517e-01
4.768338367614244344e-01
-8.251456860719132980e-01
1.783921882094699485e-01
-2.905358080471556192e-01
4.306402965075024070e-01
-8.791619469703261247e-01
-2.624092957266639381e-01
-8.469232894110585441e-01
-1.164337532402514030e-01
3.932000549557742031e-01
-3.816710943471939288e-01
3.189967640145013328e-01
-2.788346030539986531e-01
4.093805063847789222e-02
-2.363140877815403385e-01
4.714593303520169809e-01
2.583874135320510801e-01
2.399638512998370221e-01
3.139438698799115746e-01
3.693166892836263759e-01
4.693272851773610532e-01
-1.826592327164708596e-01
2.264618301574061188e-01
3.730099787277775802e-01
-7.449795463290499464e-01
2.926010915052497663e-01
-5.483978423314967987e-01
2.138811742400387184e-01
3.256320892299999215e-01
-6.795214953756361087e-01
-5.785708638954353278e-01
-4.723273939250795528e-01
-2.408020303544891050e-01
4.994083865798679134e-01
-5.106288714908422399e-01
-1.847130604637786111e-01
-2.238136979219252920e-01
-4.150926297723487868e-01
-6.854941280620489019e-01
2.744119823573529238e-01
-1.906452814902405979e-01
-4.661418140470272031e-01
3.746425007697803400e-01
2.677855765187756587e-01
-5.359413590550493600e-01
4.190446936191799532e-01
2.494069931517829686e-01
4.175848456295028210e-01
3.230695730643501906e-01
4.447305613609690567e-01
3.324014949219882276e-01
-3.151464904292658464e-01
3.142469871042752327e-01
-3.925079678970253561e-01
-2.607885649367967518e-01
-1.010897036395078802e-01
3.420939271702339024e-01
-3.331088234847638940e-01
-3.083619618504553350e-01
-6.959811472663099963e-01
-2.344316012504020774e-01
-6.038938898187363735e-01
9.030463408076720710e-02
3.399749709198127690e-01
-8.097492063091666914e-01
-3.782771647134073323e-01
1.721892487662651794e-01
-6.869140953466029709e-01
-3.050497163876177975e-01
4.165859082776867117e-01
5.207317977281602506e-01
2.756396316112453837e-01
2.846251641365058482e-01
4.278140001507962364e-01
-3.794781015476145214e-01
3.055972999868153961e-01
4.240476730787074433e-01
2.987327134178738297e-01
-2.431832623600796439e-01
3.555741966528970788e-01
1.569899419840222743e-01
3.041588881661880239e-01
-5.305465305212971883e-01
-6.791976664877769077e-01
3.700071884610496853e-01
-7.052606286317874007e-01
3.043771265553285033e-01
-2.934664733718865826e-01
-5.371759945694317695e-01
2.216696788764456472e-01
7.500944235066889232e-02
-3.804681325621196430e-01
-4.415964519402085786e-01
-6.106399052420368179e-01
-3.735850852795487564e-01
2.559409450460906621e-01
-3.365996567355582503e-01
-5.244206686051170463e-01
1.557537849395245477e-01
-4.684973766560590058e-01
1.437520043673784498e-01
-2.361186486492739822e-01
-3.542504473865062953e-01
-7.827204585480939114e-01
-4.160330156089368514e-01
2.873520779170251060e-01
-4.670026701682755133e-01
2.275764699849533446e-01
-5.372527147169803285e-01
-3.956111317952034079e-01
4.743269616319547022e-01
4.599698960081770593e-01
-6.344206129829690344e-01
-2.889549691864184422e-01
3.880961438812508546e-01
2.479203071871374231e-01
-7.742156883032238479e-01
3.634731939130962375e-01
-9.378854799562222899e-01
-2.899955960066610272e-01
3.612863925140300525e-01
3.375175668057850409e-01
4.580283556154098878e-01
1.360326958263356756e-01
4.422492261661452040e-01
3.730565272074276018e-01
2.085660795741052231e-01
-3.043839366903189902e-01
4.415228835796468632e-01
4.696379709384948531e-01
-3.591434410886112927e-01
-3.558057881511108578e-01
1.684460771553101810e-01
-1.406410869021218479e-01
-4.025452916494320355e-01
-2.081068764668368154e-01
4.152792794118282393e-01
2.711861362820300880e-01
-3.925252877774085825e-01
-5.027830863249130866e-01
4.638905667811917266e-01
-2.330922968779310378e-01
-5.862440991172100935e-01
-2.631806654111046306e-01
-6.008408724439581183e-01
-3.883984457677217561e-01
3.527578485697014932e-01
-5.104104891535583555e-01
2.960046415585792512e-01
2.437091575694640133e-01
3.428045095929063701e-01
3.772348140110847736e-01
2.755471854734125037e-01
3.448667549689751755e-01
4.288961868555510315e-01
2.100259025803440649e-01
-1.522164863103779298e-01
-2.575549919255392117e-01
2.948524352733087883e-01
-7.775275115934043857e-01
5.014780295063048232e-01
-8.141274558431429442e-01
2.614840291532137262e-01
-1.952809794956524847e-01
-6.768165022569143652e-01
4.593472080194044849e-01
-1.634603516846325766e-01
1.971431715923908090e-01
3.773906501558397797e-01
2.927891286034693397e-01
-6.164174658702775700e-01
