5.016310519684166191e-01
2.315612375311958682e-01
4.737695179279363122e-01
1.901125957072230255e-01
-3.457275848634581150e-01
-1.401089485144570435e-01
-4.995958958680027373e-01
1.408727790050250950e-01
-4.939793943057542713e-01
4.542013211515100179e-01
3.423907900654580283e-01
-8.482053253999223275e-01
4.076848834377616027e-01
4.757249722126751790e-01
2.353955378338331017e-01
5.312737569505177060e-01
1.727482297923913501e-01
-4.726259591575154295e-01
-3.359184295649682572e-01
3.818517181669516813e-01
-7.924526501764753705e-01
3.074566275716149599e-01
4.266339662019248413e-01
-2.263199545879126251e-01
3.122326372353367296e-01
-6.086500561434430301e-01
-3.474661753456037006e-01
-1.843320059734328553e-01
4.119029662275773829e-01
-3.645608665091908951e-01
2.914893457203784899e-01
3.623229502089928000e-01
3.775276735403320094e-01
-5.803263372010347698e-01
-2.720521803583318965e-01
4.843408821286888100e-01
2.512297779196638881e-01
-3.801513752187858364e-01
4.449547449916025910e-01
3.671368851290917057e-01
2.408878224013949187e-01
3.677859586413024795e-01
3.242187602384121736e-01
-3.406474216341499606e-01
5.626121156697018177e-01
-3.472209527822430197e-01
-5.241989764261212326e-01
-6.358094398531753955e-01
-4.541766895024302308e-01
-8.268676753336556828e-01
-6.561908996999057386e-01
-5.001438398552056075e-01
-3.057876557818015040e-01
3.832642830443822035e-01
8.260686420521705375e-02
3.099515988325063365e-01
-8.877447131085189902e-01
1.572301038997097888e-01
-2.927962421176848462e-01
1.086112459223753102e-01
3.254785072997538609e-01
3.609392761958273299e-01
2.688553271701732417e-01
4.581611863075602531e-01
5.285254297665284984e-01
-6.048162254438574914e-01
4.608799401225691650e-01
-3.887339650622820275e-01
-1.303389880624062080e-01
-3.760403728356612740e-01
4.867310608284636242e-01
-4.175411864767676340e-01
-5.604416961028387822e-01
-6.842788497747901433e-01
4.130841885865639829e-01
-3.036379243161995700e-01
-6.704226215865595195e-01
2.925869595341132334e-01
4.345617101772115687e-01
-8.262400590104860276e-01
4.473337406926957138e-01
2.485065033301109005e-01
4.115502334477986190e-01
-4.546533651088601746e-01
-2.251398603375955876e-01
-5.067191442493059750e-01
-3.691753440475658565e-01
-8.966463450462128781e-01
3.797766374634951037e-01
2.113439423686840901e-01
-5.531338726195151878e-01
1.899871181689730681e-01
-5.202319656358759259e-01
-7.478102443292483636e-01
3.745763277505133049e-01
-2.544080331959421848e-01
3.679599639412143852e-01
4.659158480043754103e-01
-5.971646761667350756e-01
-4.508601399857936065e-01
5.185823678552040628e-01
-3.815090399212372335e-02
-5.239869270940897827e-01
4.289914329498701884e-01
4.086310065223973109e-01
-3.338605269536100706e-01
3.345167874694202625e-01
-8.067590921579844698e-01
-4.118572885816554896e-01
3.172724968073564189e-01
3.804068503874453167e-01
-9.005185744399962777e-01
-4.581307912691181539e-01
-5.371239850738929178e-01
-1.000000000000000000e+00
5.654832680170304160e-01
4.763880373963519932e-01
3.036337891899245078e-01
2.413277011762817448e-01
5.142599202747464293e-01
4.277543741812533939e-01
-2.752192536545405854e-01
-4.291929636393310710e-01
-5.476713544258141608e-01
2.518868854747571828e-01
-2.128791948075825502e-01
-3.600969045745534003e-01
4.263593336514422405e-01
3.450298534205760159e-01
2.578605392409279995e-01
-1.016730093733339280e-01
-3.607024182236882592e-01
1.781729810592937446e-01
-2.338056487614744716e-01
2.055297000174492739e-01
-3.058677053745309515e-01
-2.670081027423477638e-01
3.785476940070107155e-01
-3.986729441418003228e-01
3.972942189058573659e-01
4.476148703394579598e-01
-7.657648069439361160e-01
3.787204160652441476e-01
-2.753094542668311773e-01
4.479518101780676220e-01
-3.796429179327586168e-01
1.437610383324757768e-01
-4.410883562829891469e-01
4.069976822914223580e-01
-3.120536649257014128e-01
-1.808946923789676586e-01
2.110097550446123349e-01
3.464068651757926109e-01
-4.292901586504853650e-01
3.362952301618097883e-01
-1.926110367415829749e-01
-2.458051883764724166e-01
3.041127493183666264e-01
-2.797896701669215780e-01
4.444242836191773516e-01
4.667663779904375199e-01
-7.884745032666123921e-01
5.199555084924486481e-01
2.402113293192225385e-01
-6.510520935828747469e-01
-3.576016745124031559e-01
3.085289322145396418e-01
5.786799447944506181e-01
-3.214034035100485354e-01
-2.848595890683590093e-01
2.248586824124863548e-01
-5.100675098820848241e-01
-6.796551401632658918e-01
3.293401248912311563e-01
-4.268549796785809369e-01
2.372445602857272962e-01
-3.779778547716461934e-01
-5.030563594754232648e-01
2.170782728704208908e-01
-2.988443073209757772e-01
2.252584488561868159e-01
1.355864649480762185e-01
-5.990478547472942727e-01
-7.941439057947057290e-01
-6.749134303175922112e-01
-1.963248951813678089e-01
-3.056777129835780982e-01
-6.764078109894418045e-01
3.466199447562791636e-01
4.256731944168309356e-01
3.819859206093212389e-01
4.434631751688793977e-01
-7.588876932861622349e-01
-6.007852587168736047e-01
-5.610588679483773378e-01
-6.879566700700009418e-01
2.934727401343869002e-01
5.503190590406920046e-01
4.878651978801186173e-01
2.721243906494150155e-01
4.507389342172299362e-01
3.724755857285808047e-01
2.404865682768047297e-01
-3.965613224962259431e-01
-5.218301668404441429e-01
-3.019112510962977947e-01
3.677490539654018065e-01
4.371171480436372159e-01
-4.678616279068352202e-01
-4.420258738529930231e-01
2.741308361194446652e-01
-3.520519110955382391e-01
3.597549046439785236e-01
-9.630343902549044488e-01
1.689695290690651497e-01
-2.865875891067845571e-01
-6.747347713649310963e-01
-4.069227808440020744e-01
-5.930598964528162043e-01
-7.265738502316587688e-01
4.352631668817691368e-01
-1.450833250438647581e-01
2.765784833367173068e-01
5.108201203579407768e-01
4.442598787718075593e-01
4.948092757921478957e-01
-6.238836588884663081e-01
1.430774458281546258e-01
-5.323578195963789561e-01
-2.283108170900146894e-01
-4.461823366934689061e-01
3.656254601767535695e-01
4.952295151053682232e-01
-5.589078267047358217e-01
-1.430407851739343983e-01
3.218959760823124072e-01
-3.392706847411223192e-01
-6.075604398027835140e-01
-4.329495856466716863e-01
3.611149973286284509e-01
4.921366466749041990e-01
3.712724698449177962e-01
-2.202254554003567344e-01
3.846472298158490899e-01
6.937344677288743988e-02
4.206757400242210898e-01
-3.699348208576596631e-01
-4.629034455902629741e-01
3.703018390589969400e-01
4.007917176123640957e-01
4.188738991016170976e-01
-8.247306370700720202e-02
2.015410423125251760e-01
-5.348392882576021856e-01
2.678947556127950214e-01
-5.255940493838316963e-01
3.040740363972881388e-01
2.474237988359209994e-01
-6.832214883140634853e-01
-4.129459404263723932e-01
4.527410343278209237e-01
-5.025643480741762703e-01
4.174030173433199153e-01
-2.703153602778620157e-01
2.308266697423712321e-01
-2.247516621198424047e-01
-2.212640462901918625e-01
3.036474749971112552e-01
-6.091521980144005699e-01
-2.877473354662206106e-01
-5.145426162747818166e-01
-3.804846428765167876e-01
3.309461959370837980e-01
1.137994915351517172e-01
3.540993783962665398e-01
-6.803897380748558099e-02
3.213644937598730822e-01
4.157346196511040870e-01
-6.768541699113054255e-01
4.323473016604582608e-01
3.812897379916709295e-01
-6.164194059123216940e-01
1.897502186819903236e-01
-4.612976431764485574e-01
-5.227562237298583048e-01
3.813551164962097895e-01
-5.066155720048873823e-01
3.672469997711291789e-01
-5.018839596419463200e-01
2.950366259909145694e-01
2.846197165495483183e-01
-5.178974256604533810e-01
-7.324640230948191721e-01
3.807486226955680841e-01
-3.483172731983561476e-01
3.468353799729617104e-01
3.831329114697287208e-01
-4.818850909467122245e-01
3.775550717217063812e-01
2.804201380869957294e-01
4.441481938953676933e-01
4.659852007577352517e-01
2.426259517425607137e-01
-1.708554186801380936e-01
4.367724320173160812e-01
3.071541358110853048e-01
4.410891270490434612e-01
-7.550927907770211833e-01
-3.388119867058254076e-01
-4.378746490137748748e-01
3.512952199704710288e-01
2.574554185247338034e-01
-2.400630668106504551e-01
3.068739153636108608e-01
5.006962046238551123e-01
-4.890341758075712475e-01
-5.153183637310454479e-01
-4.776655672944297160e-01
-3.274091448544637628e-01
2.933439441738668330e-01
1.825181202864450403e-01
-5.890488411142565939e-01
2.969337716299168539e-01
-5.326195423662972717e-01
3.060563526326817718e-01
4.740273235129676688e-01
3.717649334644294035e-01
2.706421988839796677e-01
3.923410303151660949e-01
1.923469787402260489e-01
3.767190096556122247e-01
-1.187333803832307660e-01
-1.553159806895454964e-01
3.375966436397955239e-01
4.187552983651822713e-01
3.912225634501589888e-01
-2.118645209387841899e-01
2.868616550148558875e-01
3.539818128582298828e-01
-2.149798950579642487e-01
4.359144472024888417e-01
4.615684335419243944e-01
2.792549873635277180e-01
-6.997969210755088376e-01
2.804659534241164542e-01
-3.388394690666086673e-01
2.768003668351813884e-01
5.058425137496235235e-01
-7.718641396272277189e-02
-1.586027464306131451e-01
4.664877045893316976e-01
3.926591002991374757e-01
4.902178324041366886e-01
1.398659840300949253e-01
-4.871277260318121471e-01
-5.903349331704845770e-01
-5.445599104085124820e-01
-2.367325716853832807e-01
5.018596837263358257e-01
5.260140413899975220e-01
-2.907775991930585668e-01
3.644921840941164892e-01
4.460585897574619318e-01
2.886033107324202929e-01
3.919753636909255046e-01
-3.306761484003044593e-01
3.819194526963640146e-01
-3.976633254809041063e-01
-5.179305201745320053e-01
-5.344705087287638934e-01
2.986834226352888533e-01
-3.735440222543127686e-01
-6.659865890709480707e-02
4.453403207591840607e-01
-4.951999942327280912e-01
-2.396716884123220037e-01
5.125938456295269230e-01
4.243454695566825086e-01
5.533326908491614793e-01
4.828428103647993130e-01
-3.549670739101667416e-01
-4.087544329996584680e-01
3.731817155103900330e-01
4.688885883114046749e-01
-2.853539386255909971e-01
-1.924529555763248301e-01
2.936249257472756669e-01
4.478204849841232460e-01
3.773845478593125247e-01
9.962615482539093070e-02
3.749787942948180630e-01
-6.124181508207389157e-01
3.044218541123215327e-01
-3.731421933457514939e-01
-2.351884421769961653e-01
4.001686557150545553e-01
-4.134038915927120694e-01
-3.558129419764017864e-01
3.325898000139212995e-01
-4.334262804838334704e-01
1.170450428786699443e-01
-3.839184225353545754e-01
-2.095951524942293032e-01
2.463153732240609128e-01
4.346619779127685601e-01
-5.216717143771778531e-01
-7.090729868217452436e-01
-5.646935059770291643e-01
3.095519918027335171e-01
4.051639815820265444e-01
-5.033413233173457124e-01
-4.343163775483147027e-01
-3.662889634356858992e-01
2.890491790528849081e-01
-3.449298518212996489e-01
-5.845619153874186402e-01
-2.578850966987565885e-01
-7.710159232063091839e-01
-5.983047937650943782e-01
1.327426855664620153e-01
-4.007863406786326133e-01
-1.355964218243106978e-01
-5.032634913028808388e-01
3.408688421664327062e-01
3.508541266753480437e-01
-4.491261338220364774e-01
-7.960157476715189473e-01
4.090282483002847802e-01
-5.218111454130287541e-01
-7.402511090362782209e-01
4.432892646666499736e-01
2.878224592120529612e-01
3.883408810823857915e-01
-4.203979003169600048e-01
5.607574448483036988e-01
-4.677270199845198762e-01
-4.362705615264919623e-01
-3.899675441948596277e-01
2.539523330198575901e-01
-2.898095243953838218e-01
-3.478145902853754801e-01
-2.417514671542427551e-01
-2.303307469539639940e-01
3.556731556024897434e-01
1.749725104185300695e-01
-8.429194766048450083e-01
3.867616680343046176e-01
4.675463869679799545e-01
-3.876098175768579734e-01
2.652862291708004694e-01
-1.754616679610905838e-01
-9.113119796534276951e-01
-5.306143439493303804e-01
-5.806144213983273072e-01
4.726600681074748511e-01
-5.257781669642869193e-01
-3.322006264490524052e-01
-2.396581671480257081e-01
1.603733724967447427e-01
-2.827281073315075499e-01
-3.130412858271161558e-01
-4.068056330688920585e-01
4.637703757002790139e-01
0.000000000000000000e+00
-8.481084142235880696e-01
-3.321843294534628788e-01
-7.330160737238026192e-01
4.692558039915172841e-01
3.152218342143278673e-01
-4.734010290858288728e-01
3.895573685019057542e-01
2.210110629101420532e-01
-2.544377917884560469e-01
4.812021433855888652e-01
-4.601062939163387266e-01
-4.159497728599892974e-01
2.433919166277597190e-01
2.913659149384844049e-01
-4.110458203434415037e-01
5.377979317943516469e-01
-3.588170795587978801e-01
3.565149639706744478e-01
-7.008121767148255410e-01
4.959714072104897675e-01
4.736403933761855756e-01
-4.954626412541675573e-01
-5.570835054903456873e-01
3.940500098843676136e-01
3.904264096286252927e-01
-7.908084811570490480e-01
-5.779140400490030416e-01
-2.774764471339918326e-01
2.888100893200200026e-01
-2.725901845318230987e-01
3.313410633569499053e-01
-3.841389524775949416e-01
-5.415578725537163463e-01
4.111007565855973600e-01
2.256210480805967977e-01
4.913307790104604056e-01
3.264715051409856628e-01
-2.777177586156074907e-01
3.173354767092963491e-01
4.077805247645379660e-01
-8.090873664914890462e-01
-4.295494062514015887e-01
4.929095948348693468e-01
4.868381629077820905e-01
-3.995322168968724608e-01
4.435423369525080539e-01
-2.464720171583583974e-01
3.786262462563617648e-01
-2.062095539681745304e-01
-9.498481905940572290e-01
-5.287893108156944688e-01
3.094611075279246060e-01
3.150210565643621341e-01
2.516543004387578053e-01
-2.577173143273597811e-01
-1.530875341761373520e-01
2.409808804648186087e-01
-7.545082835870192683e-01
-5.693033261672009182e-01
-5.050583776915459344e-01
3.441578338449073904e-01
2.011675389122392077e-01
1.259162639735336986e-01
1.440689111778844789e-01
-3.272424061185595368e-01
-2.597441554737430769e-01
5.829965739675151415e-01
-2.664521504150502151e-01
-3.438211695893797493e-01
-4.797119339896003809e-01
-5.318832444673918802e-01
4.197349783646898147e-01
-4.633315652818995600e-01
-2.156069549678968356e-01
-7.858487771802147304e-02
4.007357048203464278e-01
-1.101905322444789864e-01
-8.946019591601619414e-01
-5.798268071619446795e-01
5.214836176148229807e-01
-4.835540733114837009e-01
-4.161140614595909004e-01
-4.078250059620880386e-01
-5.939042230260082045e-01
3.999209145640230667e-01
3.492229539506911395e-01
3.142593459330178529e-01
2.122138358487751231e-01
2.926039721852205511e-01
3.947125870644471735e-01
5.187931824741763842e-01
-2.621139314172091228e-01
-2.112243951001143982e-01
4.556738357061814182e-01
4.522403316960382780e-01
4.058548344955185683e-01
-3.298734758678792400e-01
-4.032341394835806669e-01
4.350354244382631519e-01
4.175502431765392153e-01
2.589671713867778835e-01
-5.208584818598740451e-01
-5.737683385898675326e-01
-3.402144791592635609e-01
1.623744410376492808e-01
-5.093047371661509892e-01
-4.973803895219366389e-01
-5.264087774662464803e-01
5.148214390834620069e-01
-4.994202987327305276e-01
2.202045197411976185e-01
3.551789234485601687e-01
3.597137030775193756e-01
-2.862595498666536398e-01
-4.070330082271672034e-01
2.585314344732680403e-01
-6.472427715278386007e-01
-2.188169740521057893e-01
-3.300528242127893086e-01
4.714910306234675885e-01
-6.547767938487819572e-01
4.837737733970190468e-01
-2.184287008662926244e-01
-6.129494819781610149e-01
3.560641203023156565e-01
3.807911907846878163e-01
4.115165952055264142e-01
3.475485598176049629e-01
-7.690793589912958694e-01
4.904032421135511299e-01
4.065226522546418475e-01
-2.647269342908921130e-01
3.665476904343420439e-01
2.228118261631710784e-01
2.931483881155479421e-01
-7.087083027832383753e-01
-3.982210639547457132e-01
-9.327986842897881825e-01
2.343980286240663347e-01
-6.289376778185474803e-01
-4.240208404743971426e-01
2.761913572920663418e-01
-5.039365004179756635e-01
-2.642442473913812484e-01
4.196124816389984469e-01
4.061359356666960907e-01
-3.752100179593789719e-01
-5.748142011062250534e-01
-3.024500754138117475e-01
3.066530860536024750e-01
-7.018293399102235597e-01
3.392874780769654652e-01
4.011155014318485423e-01
3.236806724754340836e-01
-3.176751410899510408e-01
-8.070728782905680632e-01
1.729288956789909182e-01
2.478633047123279254e-01
-2.835987644015774967e-01
-4.484063650566394998e-01
3.640999607394512783e-01
-4.898460382551402259e-01
-3.114935769072212923e-01
4.377054944031870121e-01
-8.771346462710732927e-01
4.030007356560455500e-01
2.046257637467843726e-01
-6.420580285932668829e-01
3.615727830548619015e-01
-8.097325928822505237e-01
5.674400279503906130e-01
-8.648096096025489343e-01
4.385936320773690111e-01
2.230355049881753426e-01
-5.382069112545644352e-01
2.819175985529069894e-01
-2.464366846533589950e-01
-1.761330629810829440e-01
-6.271488264516527078e-01
2.688026878878015946e-01
-4.898102128161538338e-01
2.541483101190843974e-01
-4.900658951600057600e-01
4.445120716367417790e-01
-6.688836866321543617e-01
3.893956818466309255e-01
4.008848975833286810e-01
1.911912239144490377e-01
-2.514898270936073987e-01
-4.970169317269232390e-01
3.614835417335833800e-01
-8.619576403806163967e-01
4.477245379329360397e-01
-6.325876627573283617e-01
-2.420221777362672466e-01
-5.371971934763626333e-01
-5.135399519579233463e-01
4.101625125026611696e-01
-4.208685877352016380e-01
2.945639226411790879e-01
-3.324690839402674181e-01
-4.008153641109028498e-01
-3.375452633953754944e-01
-5.741138240063323739e-01
-5.988983550922486465e-01
-8.376939960031619670e-01
2.703846897264249871e-01
-2.910710365933631416e-01
4.638170547951236955e-01
2.773647875440530264e-01
4.027793300342134009e-01
4.601360854495037955e-01
-5.250888418616632691e-01
4.667916683534147904e-01
-5.588538176795208035e-01
-2.889872801753882170e-01
2.459869263497931335e-01
-5.359887863664019036e-01
-4.374126910803072255e-01
-3.910566179538372822e-01
-8.060270158978363186e-01
-4.116126742768940194e-01
-3.474162670451507728e-01
-6.568969551469510115e-01
-4.000118963642653735e-01
2.755592238251219350e-01
2.709462469817771058e-01
-3.671823039650558562e-01
4.017327163053359684e-01
-4.927489545026915163e-01
-4.069256631970684102e-01
4.590963855484181955e-01
-8.564375600524857246e-01
-4.156453197523459764e-01
4.173365720723902217e-01
-3.022878789978528657e-01
-4.940495084559384242e-01
-8.172315781721262162e-01
-7.211721639909848269e-01
-1.064862742588570110e-01
-1.834365820215373144e-01
-8.616021250706221712e-01
1.680586747820574933e-01
3.420201048394417298e-01
4.524675961568341287e-01
-3.775737140866641806e-01
4.449401155984828993e-01
2.646731546250958855e-01
2.973510444962128574e-01
3.523526092408187926e-01
3.812366599231916675e-01
-4.683364626570719058e-01
-7.780053351805593653e-01
-8.704817510080018472e-01
3.057162896354570503e-01
4.923738312313417076e-01
-5.028899651781946201e-01
2.506143186358718022e-01
-3.138504042106893266e-01
-4.871097743168214533e-01
4.470933967623318406e-01
3.233911581757776266e-01
-3.178217762663787527e-01
4.123380918080762902e-01
-5.491640438223487353e-01
-4.253291361866202713e-01
-4.547332281479080085e-01
5.301443104907069825e-01
1.471435558431798407e-01
-5.083245664560586130e-01
-2.836865173500017212e-01
-7.075257241817752840e-01
3.667085125855371053e-01
4.538086071828062451e-01
-6.979819363902962648e-01
-6.310667167036313474e-01
3.997401240190719962e-01
2.211671114106301128e-01
4.006283238427415516e-01
-2.868232308279070053e-01
2.912427069570397431e-01
2.564788684515460493e-01
4.648703935717657942e-01
3.809321089425687368e-01
4.161550315043832660e-01
-2.752520853577327120e-01
2.685306012883106330e-01
-1.844296838123924698e-01
-8.426777798252168550e-01
3.495076021865044513e-01
-9.025463352873783762e-01
1.578901706698933316e-01
2.576760664880543561e-01
-3.497978124434746872e-01
3.347649047338070449e-01
-3.711331576402227550e-01
-7.481708668502839998e-01
-4.179130077858584369e-01
-4.137015445993864060e-01
4.020297928916938268e-01
-6.774704114122728216e-01
-1.852202906687134554e-01
-2.927420489999877362e-01
-9.170385921134571738e-01
-2.556463992635009119e-01
-5.493923228761146138e-01
2.186739960225726198e-01
1.753831667735348820e-01
-2.417232032250548612e-01
3.248056141056552826e-01
-3.836303221045432865e-01
-2.605379929962052810e-01
-5.732060225656803176e-01
2.790677737692880411e-01
4.658399990354180065e-01
-7.225285374006756856e-01
-5.265729860986364530e-01
-5.467553848361849100e-01
1.483381113056977119e-01
-3.589862189054736086e-01
-7.441982439513303849e-01
2.176630026554896014e-01
-3.791362574032515198e-01
-4.744887775384337703e-01
3.876169304476914657e-01
2.915273732370988191e-01
3.471805605355129942e-01
-4.905475373336794509e-01
-3.793707001184128957e-01
-4.883382955071506326e-01
4.744349025918531693e-01
-4.968178197254226602e-01
-2.313890088373314891e-01
-2.982771700255422154e-01
-2.705046354787353780e-01
4.094973333898265788e-01
3.562782704448461679e-01
9.320560738013539126e-02
-3.381459023621100068e-01
-7.090529860433248954e-01
4.367952257986532638e-01
4.160555856190262802e-01
-2.892024541331120746e-01
-5.255313050331833491e-01
3.800786375317353194e-01
-3.069106761413422646e-01
-7.746640237264710294e-01
-2.434340518119287589e-01
1.815883874691310018e-01
2.519317955033265610e-01
-7.863538843094161068e-01
4.245512618459996723e-01
-1.785483675662650760e-01
2.780104216524520444e-01
-4.047929842363990338e-01
-5.524063978740312297e-01
-6.954354775344168127e-01
5.336695564463261876e-01
4.031620088302131921e-01
-1.651995893474541843e-01
6.412645522858541058e-01
-5.927136010874179961e-01
-8.361156423040311259e-01
2.949174871867406011e-01
3.708859080240814454e-01
-5.410335923938937031e-01
3.557981589116923637e-01
-4.859457731760722377e-01
-7.157705168781018923e-01
5.362176412508548040e-01
4.098671060435826741e-01
1.401853715829572411e-01
4.438372109298950319e-01
1.771347336417928298e-01
4.329277181351251502e-01
3.246756179521423924e-01
4.265164282504165238e-01
4.357492745436590265e-01
3.776506984740997663e-01
3.927331109360534533e-01
-3.772494506206751086e-01
-4.421567421467472170e-01
-3.670764866172130381e-01
5.582294093142604607e-01
4.339228750449842242e-01
-5.939715905694940012e-01
4.201154517450688131e-01
-3.211680176594520764e-01
-5.476258931789316220e-01
-4.654683279779133209e-01
-5.218070001830287241e-01
4.374040200639452425e-01
3.698369120450060166e-01
-3.172689571016809040e-01
4.222946354952563097e-01
2.068122198018821911e-01
-3.858227662366421895e-01
2.642952589922891726e-01
-2.939941833813692340e-01
-4.290078611854962753e-01
-5.237102277260218264e-01
4.259336502067630481e-01
-3.800874802801137986e-01
4.394371030064430084e-01
5.069732267676613224e-01
-5.672888037481634838e-01
3.214481400126394384e-01
3.359618726183203341e-01
-4.710522909570608596e-01
4.369453591063150455e-01
-5.169910748181778537e-01
-8.095079189117865281e-01
2.469840750038578558e-01
4.993967923586906110e-01
4.829747539097067888e-01
-4.016306423268908299e-01
-4.485496861290728665e-01
-2.986648941304624882e-01
2.709984790599442861e-01
4.839143624399697141e-01
4.412057262608252706e-01
3.550908411791321440e-01
3.802151226068501422e-01
2.939594188088433535e-01
-3.194219905905842927e-01
-4.643059802190629970e-01
2.626812303398652904e-01
-2.425524591822669218e-01
-2.955929957695473398e-01
1.597568004716607426e-01
2.569550102520780643e-01
2.288851392770356041e-01
-7.110786887092291897e-01
3.811105474355259704e-01
2.886694125890676421e-01
-4.206218535447277529e-01
-5.377688568357905652e-01
3.971162479560711445e-01
3.763035460996441012e-02
3.267156937730922306e-01
-4.794000053028923403e-01
3.537829201477540875e-01
-4.823617400830841895e-01
4.322175457581781677e-01
-8.980582671108505721e-01
-5.250424203588410776e-01
2.271761141368290882e-01
4.406524631578457307e-01
-9.733276687775530012e-02
-4.514645514224056022e-01
3.637288885890509471e-01
-2.239523250198205973e-01
2.899294958560926228e-01
-3.366371719028660170e-01
-3.824267410329652006e-01
-3.293170832463222508e-01
2.970081752576798628e-01
3.206511092493810611e-01
-4.267117360794897563e-01
-5.489909656914558900e-01
4.009593568470788405e-01
-7.699688170661015407e-01
-6.596272468437477388e-01
3.646530949564520951e-01
5.085816902246381721e-01
-6.076536835860690822e-01
1.579691339811310768e-01
4.322712165760075886e-01
4.099201368036475279e-01
3.696103788125846834e-01
3.928843946326695535e-01
-5.599705193863684372e-01
-2.693365650567350333e-01
-6.921952566430312759e-01
-4.093679806781159169e-01
-4.724707722435067536e-01
-3.104622702731906214e-01
4.995973319698401860e-01
3.663371063685201268e-01
-6.570208195481226365e-01
-5.614261021439566068e-01
5.509326871444738538e-01
-6.420980090140240293e-01
4.283112474785660262e-01
-1.566717159427464812e-01
-4.869656834006030333e-01
-6.359146318058338521e-01
-2.864172320445436681e-01
-1.866666541080689024e-01
3.184230349844733854e-01
4.527356907359728067e-01
2.474780273123159124e-01
4.866389300557169006e-01
-3.405626482608782313e-01
-7.859445796648510951e-01
4.990206657418604919e-01
-4.475337230547126732e-01
-2.244897944863169237e-01
-1.570907011349472193e-01
1.753080815363813605e-01
-3.429038391169339506e-01
-5.375007609206851056e-01
3.143116905091672408e-01
2.685155402685427961e-01
-6.604841543021205963e-01
-2.960698760274754759e-01
4.270118045873933510e-01
4.597446850419681375e-01
-2.916348621353879733e-01
2.951162264826114878e-01
-4.285216771769871369e-01
-4.288305072185207290e-01
3.488763528990551643e-01
-4.697783812306822737e-01
3.821412660982152487e-01
-3.759168294823674317e-01
-7.538836742566871196e-01
-6.490816763079715335e-01
-2.614688661119016211e-01
-2.239028826132907768e-01
4.850819139286894344e-01
3.758215451562829656e-01
-6.033159494939432932e-01
4.078537282041631018e-01
-5.319452465972035471e-01
2.673640259168899025e-01
2.046801817614709307e-01
-5.254299130375799098e-01
-6.076105229005371866e-01
-5.088095451190003393e-01
-5.815072311741033007e-01
-5.014153089337664015e-01
3.387195904942132962e-01
-5.376883331463958582e-01
3.978656443873705428e-01
-1.273428498834490996e-01
