4.708030789894117607e-01
3.532992227224376336e-01
-2.742396683365075361e-01
4.598468277135555615e-01
-3.711655906153729090e-01
-8.259354136284023651e-02
7.533616605178584669e-01
-3.282519169276029714e-01
4.133621110093231299e-01
6.857087344520059746e-01
-3.632543495982999415e-01
-4.650334339101436787e-01
6.280399899111629436e-01
-4.055632451521127835e-01
3.694984350012530117e-01
1.814758492809873391e-01
3.314766013825808377e-01
-4.907193810218276608e-01
2.414227976598575520e-01
3.559870035834336588e-01
8.514700773572863035e-01
2.053091974694823407e-01
-3.135527390138172499e-01
-6.187397928832261140e-01
-1.059696205643066852e-01
1.979680533182315572e-01
-4.228229660932554257e-01
6.701921280863253338e-01
-4.161792487807577379e-01
7.241029422966803741e-01
3.528380986227682703e-01
3.345467439188355430e-01
2.359269407125414164e-01
6.903087460348760196e-01
5.749122822854314530e-01
1.901448143616377984e-01
-2.615127402087621400e-01
-6.579054209531914887e-01
3.672570065520426863e-01
-6.456513353624439011e-01
-4.650191587327920373e-01
-4.135791078290532163e-01
5.201731521906850508e-01
-7.874066759718477693e-01
-5.652301908538607256e-01
-9.140343236067296484e-01
6.761419843897175097e-01
6.875080301910615477e-01
-3.733327398579850964e-01
5.788314380721389929e-01
3.378160385488083173e-01
-4.658073177732039438e-01
3.841604244830317816e-01
6.209447579907528825e-01
-4.694091678627925202e-01
2.950443737114642473e-01
7.674884567783542000e-01
-5.922358424366233054e-01
-5.136306421610242756e-01
-4.824024631558322396e-01
5.702701316545580879e-01
4.886138554321611260e-01
-2.803085455485546662e-01
-3.150130783177247373e-01
-4.754723520622636257e-01
-5.083451912566171460e-01
-3.373958769556032466e-01
5.929836603435454379e-01
6.092172937918990394e-01
-4.477258671265940126e-01
3.964075148098314960e-01
-5.652182327159154251e-01
-5.301806926398138220e-01
6.294970481494323034e-01
3.682231362003287600e-01
-6.527629945197307437e-01
-4.679945247337412573e-01
-7.730817219997423440e-01
-4.302191828185274458e-01
-3.291406288040067962e-01
3.144994644827768804e-01
-4.075279807020936174e-01
-4.270618014715985566e-01
6.671454477880200962e-01
3.017495977325119205e-01
-2.600980071540694993e-01
-3.471816334978893304e-01
6.146363537230904450e-01
-5.925808505633970436e-01
-7.074437528465343794e-01
4.624035677686283985e-01
4.320641534759471214e-01
-3.440262267934883211e-01
-7.355904123785401705e-01
4.552740993217099796e-01
4.998484177561176023e-01
7.085317773674529862e-01
-2.889470557621852675e-01
-4.578884316637576446e-01
-5.861503965094277957e-01
3.350933362935828996e-01
3.563680601764969702e-01
-2.268086114242798823e-01
5.136041227493163275e-01
4.927165608035905531e-01
5.636565197730841748e-01
3.425399069161783605e-01
2.611468738720925109e-01
-5.087624334922522529e-01
7.183410865772585918e-01
-5.121795209415145322e-01
-2.665113014778793810e-01
-4.356950843332090817e-01
-4.228252777499922344e-01
-2.758960086211523777e-01
-2.577606837543403029e-01
2.413923291698370777e-01
3.624104571498389937e-01
-3.594971677949884703e-01
4.307090163114293269e-01
-2.660491894639063215e-01
6.268567276158294455e-01
6.335980042303430704e-01
-2.524889712520425600e-01
-3.649574730946565371e-01
-5.049923369522916206e-01
7.530970045201368368e-01
-2.199701598342561626e-01
-4.101019979542595562e-01
-3.883430244212393023e-01
5.654670439450584229e-01
-3.462971423826833872e-01
7.233760323976569095e-01
5.984591905608468432e-01
3.951850082709464917e-01
4.832638463855882249e-01
4.269733685058158534e-01
-1.811524059352453697e-01
-2.857785095375277584e-01
-3.237315929539149040e-01
3.782794540037457964e-01
8.718501235167018804e-01
-4.219110565755917475e-01
2.766927090627395169e-01
6.059363255078497046e-01
-8.522817902006062374e-01
-5.708399761856077781e-01
-3.298142253357283504e-01
5.347277893558622930e-01
-8.674659016898028652e-01
-5.831363124688981880e-01
-5.629404128037828192e-01
3.143017864547590356e-01
6.090942241123989964e-01
3.682520137297462526e-01
2.970294649031013368e-01
2.174468694597988527e-01
5.493848693958112150e-01
2.784075745447166517e-01
-6.101711414729981131e-01
-6.325228560916371645e-01
-4.327114959903061164e-01
1.251020434862341879e-01
-4.803906045631958777e-01
-4.094606203091092911e-01
-4.947592671539683407e-01
4.651156751456118066e-01
2.867993853661596759e-01
-2.203381515783060240e-01
-4.140380372994432734e-01
4.910112991076648337e-01
5.879362239198286932e-01
4.118924842102476558e-01
-2.886896712278333998e-01
-4.191143417868155030e-01
1.142517985347568515e-01
6.533394105900955928e-01
4.926889048313872754e-01
-1.272496156082107421e-01
-3.449215069869880912e-01
3.860320727103234151e-01
-6.797757352552227239e-01
-6.837504109745529135e-01
1.581977174976591793e-01
1.834995247803161145e-01
5.744303853406893534e-01
4.645026311865998458e-01
9.250036624797588480e-01
-2.796339841379892888e-01
-3.921525569316601789e-01
-6.640133467622114649e-01
4.714729439659501309e-01
-4.586725468608031653e-01
-4.559434915888685436e-01
2.373058438125046632e-01
2.711010074567895556e-01
-2.742462215100163192e-01
-2.801425622349627553e-01
-5.534529439146527174e-01
-2.075849500136910386e-01
-5.530228640026884079e-01
3.153254334360803823e-01
-4.790865201501454673e-01
-1.621368266713532624e-01
6.075281243504481177e-01
-7.121197333471670499e-01
-5.125356883281069198e-01
2.601256425284350637e-01
-3.792210969465371062e-01
5.127394215419582846e-01
-3.768604517691175326e-01
2.689311272543750686e-01
5.551063998406990940e-01
-2.491900155016281704e-01
-7.908268414731366436e-01
-6.622524545419800068e-01
-5.418253396239612885e-01
-6.308326561354303808e-01
3.499048076084075309e-01
3.542126463613072263e-01
-5.896296639679613483e-01
-6.759839254342766557e-01
-2.294002865361625954e-01
7.055950208123750178e-01
3.669344024174426289e-01
4.124259684909452051e-01
2.642197009247445605e-01
3.540422216478918971e-01
3.345635829983245602e-01
3.298425914696236361e-01
-2.521962928186793351e-01
-8.689403703862903505e-01
-3.078570693779405509e-01
-4.344119249608685562e-01
-6.862274503353414934e-01
-2.951882263054751432e-01
3.628649947507246454e-01
4.076432620711069044e-01
8.736961505021061392e-01
-3.940910280577465397e-01
-3.072156926773594865e-01
3.895024097419960141e-01
7.364047408323123323e-01
-7.547940523973741822e-01
-5.141285655115253039e-01
6.925547820847458569e-01
6.936456744482530912e-01
5.803222290239544723e-01
5.758335460784883564e-01
-4.536878058738379460e-01
4.283143531134539495e-01
-4.710289495685231476e-01
-2.851250144562865185e-01
4.890227585192011839e-01
4.023994252195488563e-01
6.135540479104940603e-01
5.811241319073118250e-01
-2.595113978283758449e-01
-2.483932127796599498e-01
4.355063239169257305e-01
-6.951250696931259299e-01
-4.659792873929470280e-01
-2.159878293493252832e-01
-4.316492321542184651e-01
-6.060709160169158727e-01
7.492623526332010675e-01
-6.026582554590244056e-01
4.066584261607341655e-01
6.646212467659177170e-01
-5.168158299809298972e-01
5.330515928919333790e-01
-1.665375291257328305e-01
6.399250683642586646e-01
7.581544157280147855e-01
-5.138483231441651755e-01
5.202067235892279262e-01
1.858900584509571297e-01
-4.447859703909513573e-01
-4.529249791142674342e-01
2.329722344027068959e-01
6.826119381074434722e-01
-7.858984373194872752e-01
2.668030264208748337e-01
-2.557339169475639773e-01
2.499181459787848392e-01
-6.106588869247835394e-01
-2.046185715662842131e-01
-8.521677373242841913e-01
4.535813650021677801e-01
5.044954040035890541e-01
3.893453446015123220e-01
-2.391913400932206557e-01
3.268237177378819913e-01
4.346970205220132000e-01
3.872665343629105861e-01
-7.656580576920424264e-01
-5.496603321561526201e-01
7.971723477373442446e-01
3.626588420747480779e-01
4.029762734334475516e-01
-4.709267005768678627e-01
4.982619928419050326e-01
4.823083883030870322e-01
-3.978395285510381574e-01
-6.525003642030726692e-01
-5.241217127887436433e-01
2.746361714302598678e-01
-4.497197033291044921e-01
-6.427013183708081279e-01
-6.571939474454616681e-01
-3.185223098726984725e-01
2.143792087507125355e-01
-1.619819559089865080e-01
5.826830564238020260e-01
-5.677036759670029964e-01
-4.128047345948105407e-01
3.984802917742292783e-01
-6.138879606371125952e-01
4.098611042370775559e-01
4.704567816475895836e-01
6.819882476048612086e-01
-3.329718450385555362e-01
-2.737709292866066235e-01
-2.644945132107890950e-01
4.277064192180056734e-01
-6.856502401371071809e-01
4.990472434645369937e-01
-5.577298321792469871e-01
2.937830990891632799e-01
6.010854920341774932e-01
3.618270701011716550e-01
5.358171589175386718e-01
2.887668468453614690e-01
6.816761798429017416e-01
-4.118278140262005005e-01
5.203322158756727989e-01
-4.523475349300251636e-01
6.014331299675528264e-01
4.273716756989329180e-01
4.526401820656071329e-01
-1.390933168486903071e-01
6.154951694120577299e-01
-6.155599590228013618e-01
2.921948727953422864e-01
4.509351146313390624e-01
5.475287222113028873e-01
-5.441602507826452939e-01
-4.095498817349386145e-01
4.166039421755325933e-01
-7.102677661026521871e-01
3.569602553013879187e-01
-6.744137712189520739e-01
-1.204480668665266624e-01
-5.988130288728273909e-01
-3.026579725707078117e-01
4.470035593745189106e-01
-3.082965607184672274e-01
-8.197004187790701835e-01
-4.460384637473510661e-01
6.103118073300630719e-01
-7.580446765373178852e-01
5.653170308703340252e-01
-4.889787083302541970e-01
-4.012464609205140809e-01
-2.352328793804657203e-01
-7.192655706549014871e-01
-3.646790614264751040e-01
-3.992686050650658403e-01
-5.171289439430206691e-01
3.881648863208247979e-01
4.286575691194554616e-01
5.547359782883111157e-01
3.197643008856525526e-01
6.315459741497160273e-01
-5.429938707441830381e-01
-4.719392490823480779e-01
2.482626107935209381e-01
-4.278023437734040368e-01
-2.376968332237739678e-01
5.326291949565002959e-01
5.422312614624357208e-01
7.773302658175487156e-01
-5.749152258139014204e-01
-4.155617141812784632e-01
5.145982213116854220e-01
5.409585278082047477e-01
-2.387204649612101881e-01
-4.556908921909565424e-01
4.383086869788074824e-01
-3.559716926765842948e-01
-5.469494802659433663e-01
7.008343478729162079e-01
-2.944711738662370015e-01
4.516664033944686740e-01
-5.436504042916427970e-01
2.743305566859988720e-01
-5.682070030870552957e-01
-7.866359960919402372e-01
8.258729267064685020e-01
6.174968397016932231e-01
6.337240420888115011e-01
8.041899077753322800e-01
-7.390230331080204218e-01
3.526103260010314266e-01
6.232506333719691760e-01
5.865373007959351348e-01
7.616349976404755973e-01
4.833291028160583425e-01
6.745258890314252964e-01
-3.785893789389260244e-01
-2.235582111269321937e-01
2.760581381090797537e-01
-8.458091273874775995e-01
-5.577388497362190112e-01
6.342962429240578404e-01
-3.005609513738063954e-01
8.233262373125009859e-01
-6.360639337552441708e-01
-3.024926030541287281e-01
7.330316013369015948e-01
-6.506429797834628603e-01
4.580155705579316838e-01
4.331550152042827895e-01
-3.562785255499420489e-01
-7.054003632769609844e-01
4.252106304698916595e-01
8.691645666255566338e-01
3.716329593206942339e-01
-4.910344723104610454e-01
-6.685177190799009850e-01
-1.557465588493992525e-01
5.312518134408912296e-01
-4.063030199722247882e-01
-5.135379113947502461e-01
-5.682239377328048846e-01
-4.432782249103994765e-01
5.509676697496054265e-01
4.833393720832095397e-01
2.204011999438635072e-01
-2.852828443894388499e-01
6.605663657438165526e-01
5.292474536489384374e-01
-3.859168304077096878e-01
6.808333194309027503e-01
-1.308089132503215679e-01
-7.316378162904227933e-01
-4.168927419683746138e-01
4.522021144600540388e-01
5.655720783321441791e-01
4.284435257274168407e-01
-2.791400599708376284e-01
-4.931307659537701449e-01
-6.565319627122070401e-01
-6.949803939527441354e-01
-5.639216247866608578e-01
-8.365839368806543552e-01
-3.497546962723732111e-01
9.564839569980802814e-02
6.388405621097212883e-01
-4.780461330931617403e-01
-4.747106808154960556e-01
6.955234459851028506e-01
-5.193102390553502312e-01
-6.502227108021514379e-01
5.690766892180916248e-01
-7.618187841971731933e-01
2.600174418859476089e-01
-5.671079761279909093e-01
-4.187853388071781091e-01
-4.899966988952411673e-01
-2.337122073393034793e-01
-4.413564463298870755e-01
-2.780412144944202635e-01
-2.917080651954422343e-01
-4.537692355141340617e-01
6.677931311913845036e-01
3.200605060642456312e-01
-5.673699810484720274e-01
3.895870271249950445e-01
4.588216075893521984e-01
3.276522573449807130e-01
3.946835814735699111e-01
-5.404798965086008433e-01
-6.170336003607521658e-01
-5.487573385043360563e-01
-7.975966170529678045e-01
-3.756965395135472008e-01
-1.858989333774941910e-01
5.917383478973026190e-01
-2.611583873660352495e-01
-4.452053797912906563e-01
2.116069419420169850e-01
-7.203712766140210055e-01
-2.043977033333595761e-01
2.564157950518839990e-01
-3.558187439474650438e-01
6.102326147450243266e-01
-5.570239996202789312e-01
-6.120456512101721813e-01
4.009445663318547126e-01
4.893206288511569024e-01
3.808781280136553926e-01
4.075961288085608314e-01
7.539600523562690615e-01
4.817373159178078845e-01
4.310896083098237908e-01
2.436238207023999625e-01
3.110398420061422087e-01
5.346735628657880435e-01
5.220924779785063308e-01
-5.849201806689415806e-01
-7.333194176599910907e-01
4.408907864421331424e-01
6.972754523538081672e-01
3.540644320384360166e-01
7.049046833281025215e-01
-1.589382519435304786e-01
-4.993606076616367018e-01
7.316861584870534285e-01
-4.686800709133552845e-01
6.151492001899454554e-01
-2.509789055500841193e-01
5.106934975620798234e-01
-3.486127664667118542e-01
-2.317951489995755676e-01
-4.033861092909796775e-01
7.376723954527164562e-01
-1.616422492634164987e-01
-4.420389173007922001e-01
-6.334677067082051805e-01
2.311090333324092305e-01
-3.820768940385744217e-01
7.768513989061058833e-01
4.365518303619840279e-01
-2.717874633618628244e-01
5.748940269309954498e-01
-5.878013862259199307e-01
-4.812463414393757244e-01
3.729156839301476234e-01
4.673627109828840664e-01
-5.373193446842551291e-01
-4.713232706585618881e-01
6.626905622715036914e-01
9.384796542530420282e-01
-7.580675411496139438e-01
-5.703174883085857516e-01
-5.543599302709341092e-01
-9.383232993794975441e-01
-4.304355585930719208e-01
-2.131587309619149551e-01
2.846022013925492145e-01
-5.297869034295644708e-01
-4.913831135296133357e-01
-1.192899475200802223e-01
-3.280466745892425817e-01
-4.320304458780897527e-01
6.346064895639482728e-01
7.391995136816953416e-01
5.227996540320249963e-01
-4.025502525742717386e-01
5.376411079828119499e-01
2.971231778853062888e-01
2.494156200844807603e-01
4.075571427417637449e-01
-6.952805117307788718e-01
-6.749957651789628699e-01
-2.024060268522210326e-01
-3.738203464676078114e-01
5.208078549945144298e-01
-4.192992869845985626e-01
1.729552818725396124e-01
-7.844616649318955082e-01
-4.179724596632991562e-01
-3.486707591189494027e-01
-4.157087465781750257e-01
7.167278219062426237e-01
-4.055085075922356674e-01
-6.915843519245685744e-01
4.975675282365125685e-01
-5.765761147250777485e-01
3.808996309961733551e-01
1.459171159413857888e-01
7.333756809669248478e-01
5.202881333384167251e-01
4.564998072058124579e-01
6.452472655783747513e-01
3.269200571790651932e-01
-4.588111852761258547e-01
-6.191837453656892087e-01
-6.818169699494009972e-01
-4.666524316936854211e-01
9.374577019419066959e-01
-2.524362473789754091e-01
4.381753939461094927e-01
3.235531386520126840e-01
5.185359044244244320e-01
3.362172104640064330e-01
-6.595324482370809038e-01
3.721766155975304580e-01
-4.398915328439848560e-01
3.662444051881080243e-01
4.311182501682296331e-01
3.251715928683164836e-01
-5.786883965857613221e-01
3.656356224930856214e-01
1.263708036028005077e-01
-4.179427988284835638e-01
-3.616265538684484415e-01
3.650443076238220619e-01
-7.264024075739557995e-01
-3.778098748755468472e-01
-3.378432753017287515e-01
5.128864449016933280e-01
4.760889879193812568e-01
-6.412152543440631236e-01
-3.291892826029340635e-01
-3.403470800274845387e-01
1.740617429167570229e-01
-7.508070596771642125e-01
5.166771520295564413e-01
2.116046748544552214e-01
5.068550554182558177e-01
3.567566545094517649e-01
-5.154412603127864756e-01
2.254640605963836308e-01
-2.345674464491736555e-01
5.337224032249012762e-01
-5.456817004597260823e-01
-4.187541188828453054e-01
4.811049403547096870e-01
-5.991809528361600190e-01
5.536899935284115282e-01
-4.234160642844442268e-01
-5.985404087242359727e-01
3.651787910656273950e-01
7.420043185016158560e-01
4.865795553049440669e-01
-3.837316572990934760e-01
3.380593878931388296e-01
5.399413647430461038e-01
3.731507150416226160e-01
-5.872854149597033224e-01
-1.583555908804158696e-01
7.543465988929397570e-01
-3.127624699992685997e-01
3.951435509228630183e-01
2.658231006182997791e-01
-4.844070995074661323e-01
-6.285197963203121851e-01
-3.232701857588434757e-01
4.164059819799098006e-01
4.835231807246264668e-01
9.034891291121618373e-01
-7.957388229587398776e-01
-5.029830340314714876e-01
6.054845907826208462e-01
2.141368083165769987e-01
5.139458690580557265e-01
-6.401889793734784062e-01
6.325042914502498892e-01
-5.273653002059446315e-01
-4.353042356802457324e-01
4.101959950184643211e-01
2.657342795630621701e-01
8.459765557389660184e-01
-3.808523078761018033e-01
-6.839532875274394463e-01
6.073472632023811935e-01
-2.310721893924221060e-01
-4.000707484132015046e-01
-6.388189707584407406e-01
-0.000000000000000000e+00
4.450663763685108187e-01
3.965469125947804208e-01
-3.728884933591861683e-01
-2.921500427811242750e-01
6.903636321632433681e-01
-6.815156395105006482e-01
-4.239932524078843801e-01
2.021817282112956249e-01
-3.930587980806754533e-01
-4.786271415314883870e-01
-5.197871498978495763e-01
3.056547278645259658e-01
6.570634356950908472e-01
3.075814513651523030e-01
3.771434941743809777e-01
-6.252825042930318933e-01
-5.708834610150401723e-01
7.088540309512869619e-01
-3.341402433434546571e-01
4.086013901589233277e-01
9.108503952000922554e-01
-4.062757252683278364e-01
-4.241693382371388710e-01
-5.735005938684121229e-01
2.919090063315798456e-01
4.215853961027488106e-01
6.766283976571607628e-01
-2.903036398483294644e-01
4.778502311248934431e-01
-6.017913696397358958e-01
-5.683492530849899582e-01
-6.864136016428433740e-01
1.158933593742857426e-01
4.427861296989374362e-01
-2.953105341941715256e-01
4.057080679797936962e-01
1.321986151339440974e-01
-3.112236973826523756e-01
-3.617470304501786416e-01
7.597363424671257359e-01
5.010825383729066163e-01
4.188797652011250205e-01
3.705306019153964403e-01
8.026681924986036609e-01
2.363651066947702606e-01
-5.255099375605036816e-01
7.259285921370197681e-01
-2.719526692030574400e-01
-5.695289461576842349e-01
-6.781993082815668261e-01
3.901386538309017382e-01
-3.422518593554481625e-01
3.550311013580546571e-01
-2.562850312165135813e-01
2.819887750659795245e-01
-5.256942651249700837e-01
-7.493755929661404247e-01
6.987395949708228304e-01
-1.682497751835133615e-01
2.472532230833326128e-01
6.507476852252378485e-01
-6.005923601837789283e-01
2.622449130155675712e-01
-7.803143943067124555e-01
6.463872401231802733e-01
-5.345873926026516454e-01
-5.964336904762335134e-01
6.861966827284160519e-01
2.949395749698807134e-01
-4.885102072460999478e-01
8.193582187945961381e-01
4.152127087396552119e-01
-7.006548094531068749e-01
-4.622872331380342703e-01
4.664443128398604310e-01
-3.516682819034676055e-01
3.004585769817054164e-01
-1.876946353475933693e-01
-3.678709206925008246e-01
-7.682474203947871061e-01
3.208566600657664081e-01
2.896834651297610641e-01
-8.300130183135392414e-01
-6.157297467176006123e-01
-4.190208623925589793e-01
6.019832819905776011e-01
-3.400405029546241242e-01
3.838797480281226915e-01
-5.432150611764660075e-01
4.409215983527730587e-01
3.484908459012808213e-01
6.288583670029713746e-01
4.400827965716809231e-01
-1.000000000000000000e+00
2.587002891230256174e-01
-8.081949244313273439e-01
-5.319867799243063189e-01
-4.109779796147489117e-01
-6.777598611334501033e-01
8.276815456281166883e-01
1.944473113615080295e-01
3.875866914217244164e-01
4.850593583338044246e-01
-3.208579183212883490e-01
7.347997844245875987e-01
-4.667563037412472693e-01
-4.074549875598965087e-01
4.861023140075830806e-01
-4.218195238054006646e-01
3.993571085906459928e-01
4.559448955641637324e-01
-2.463354450476340496e-01
-2.318327365850761101e-01
7.926869716961553181e-01
-4.806583924084769643e-01
-3.079658024487809675e-01
-5.396762568231793233e-01
3.141245142579678351e-01
-6.702091425043625872e-01
4.095597941350980764e-01
-4.000726672404889550e-01
-6.002994482345435090e-01
5.957490891651567172e-02
3.618507926754184201e-01
-2.244071077942612347e-01
-7.038326427982586342e-01
7.499265243933878056e-01
-2.093193345461568100e-01
-5.361622827636686184e-01
4.553074526344990103e-01
2.590182520040307801e-01
-6.652777285699453813e-01
-5.898826743746234946e-01
-3.057005737795208677e-01
2.926796561372647099e-01
3.360855652375083213e-01
-6.408201530899990672e-01
2.209786914902549804e-01
6.166940243390324206e-01
-5.569792991682243066e-01
5.492727691461897210e-01
-1.827701894906896551e-01
-9.993381234780635003e-01
-2.553973949109078490e-01
4.370533022928300704e-01
-3.554136352364517526e-01
-2.804355712507718423e-01
-6.714450638994176046e-01
4.718595527234615838e-01
6.589700065179476818e-01
-6.007709115053608828e-01
2.922638572095359599e-01
2.959641989892010661e-01
-7.366700372438822475e-01
-5.285131598166724620e-01
4.606445670226183009e-01
-3.918517305644224624e-01
5.862415456509155742e-01
-5.256369526990902763e-01
-2.588449885508435355e-01
-4.398655449223675129e-01
-5.919582899818625066e-01
-4.452865744715825413e-01
-3.639247511620743447e-01
4.401224642331703629e-01
3.864846053842498352e-01
4.082984792952025210e-01
-4.929817189118715359e-01
-4.708095319833207060e-01
4.351698360953128453e-01
3.233133652308947115e-01
-3.828807531876451953e-01
2.287931394954954567e-01
1.521353344396395302e-01
-8.254874988041570605e-01
-8.642904933879271834e-01
-6.643073394937151210e-01
-6.224722652550737090e-01
-4.190210993355250046e-01
7.274095147379082693e-01
1.808786054867095594e-01
-4.493932734548248265e-01
-3.418903720229086729e-01
3.576025593188960627e-01
5.316256279831025333e-01
-3.399173692877406339e-01
4.276937563184542990e-01
3.017131646566839076e-01
-3.336191323861112390e-01
-4.775361619662161772e-01
5.904056705105387159e-01
-2.347901965063707019e-01
1.438045030106407940e-01
-9.621963843852258946e-02
-7.519207648835980473e-01
-4.357366252195372658e-01
-3.018060519641061479e-01
4.291703277981682163e-01
4.879881419483735328e-01
-4.866668394469511050e-01
-2.821932485210124075e-01
-5.091594808255920368e-01
4.143104667916405193e-01
-5.476728907293219040e-01
2.446747853576635157e-01
6.677902763821219612e-01
7.560493276788624595e-01
-6.818857630393649893e-01
6.220606191508618599e-01
4.981379168153040049e-01
3.780471189437686341e-01
7.640664128302624425e-01
-5.129469123232871519e-01
4.469546858899829389e-01
4.606832229471529150e-01
-3.770457878282585384e-01
-2.590793634853738592e-01
-3.359956336875723482e-01
-4.600437801989928355e-01
4.226637642703610642e-01
-6.815738814169695070e-01
3.733185603486424142e-01
3.547128130272974023e-01
-2.444647641126037330e-01
-7.221196446036983740e-01
5.670774938356221151e-01
-4.052609397503988409e-01
-6.631245922595542241e-01
3.070423714419140415e-01
-7.018729515057425816e-01
2.869311266770275259e-01
4.636440306728185079e-01
-4.269731556573566622e-01
5.149191352536941491e-01
5.821822743830185054e-01
5.119514538548485261e-01
4.607950215525508098e-01
3.519538499652287711e-01
-4.796082047233985457e-01
2.911328889367166828e-01
3.437258515032464712e-01
-6.034112118992480678e-01
-6.069812139920777172e-01
-7.359033376516200819e-01
7.649668715749340375e-01
-9.943695734130354735e-02
7.626841288034059696e-01
-4.201494567713828787e-01
5.937648143252695077e-01
-2.919428568017936043e-01
-4.544858748761812506e-01
-5.471376646411328926e-01
5.915244524574609919e-01
5.279404294594279845e-01
-3.610366381396507562e-01
5.007901912845466041e-01
5.179134962837651512e-01
3.646531208220687437e-01
-2.827557255912280243e-01
2.702953232900043301e-01
4.738105082931138301e-01
-8.944505116483946194e-01
3.922557882469910329e-01
3.549993999952304469e-01
7.548169629802080616e-01
-7.172570268341753597e-01
5.279806332492502641e-01
5.069344196435052741e-01
-3.944764388757516782e-01
-5.146925397565287330e-01
-5.509226185970674816e-01
7.722909868377428877e-01
-7.549710876592237163e-01
3.184098371136017125e-01
-8.088627537065977702e-01
5.948453878613972901e-01
-7.162642449440410619e-01
-5.000461950344736728e-01
-4.869411801222809366e-01
-5.816335679668236391e-01
3.903420914268977415e-01
-3.466717745334516043e-01
-4.880391207277786081e-01
-6.077359600594202105e-01
-3.843416513965762782e-01
1.839241970703875129e-01
5.519252060059385290e-01
-5.133311706085729176e-01
5.092606311542048347e-01
3.340652158704977004e-01
5.272023844395758996e-01
2.443150396126660684e-01
4.554706873213265617e-01
5.716351444856534458e-01
7.447883611680098381e-01
3.621312298365431115e-01
8.231779846975189052e-01
7.837986258197098266e-01
-6.946026014189060627e-01
6.600290665769011911e-01
5.503299902763939544e-01
-4.419949274522719240e-01
4.118534289274825011e-01
6.946025352276185005e-01
7.549383081032883247e-01
-4.103610956071975235e-01
2.380912089558689104e-01
1.630564479646458009e-01
-4.240070843432828807e-01
-6.520482824236427666e-01
5.221938446278724388e-01
3.735343516837880129e-01
6.611796583493354529e-01
5.366525132480225446e-01
-6.296552495980143327e-01
-4.996443251746771064e-01
-4.472184213884549675e-01
2.377074261964867152e-01
-1.905926312582648940e-01
-3.740496673504914993e-01
-1.620337348658847931e-01
4.739068495042088047e-01
-5.281518595287885143e-01
-2.841036767064598068e-01
6.149275061643106888e-01
4.823059398628470329e-01
3.749062297829954260e-01
4.986379661927583529e-01
