5.354895123373925037e-01
5.798412520485655142e-01
6.096822197342500749e-01
5.396249409116933293e-01
5.730976052990397474e-01
6.820189022077042251e-01
4.288379941724504429e-01
5.892953382579122490e-01
5.571705612965214272e-01
4.543735388166584843e-01
5.760836971051194189e-01
5.376672604123164945e-01
4.761405618625607628e-01
5.601142371853830015e-01
5.737268718967883929e-01
6.446958515253382593e-01
5.880781836032352716e-01
5.279721195316290361e-01
6.220689222019467612e-01
5.788267512403816317e-01
3.918070480794877963e-01
6.356999726760499403e-01
5.948435315982161242e-01
4.796509140412033023e-01
6.731956191840763326e-01
6.384708818608405556e-01
5.535995688588406516e-01
4.602302698942139503e-01
5.561072348224923578e-01
4.398816747464724397e-01
5.800153029835120044e-01
5.869193606763111193e-01
6.241433291581184317e-01
4.526372680007604288e-01
4.961935740353196622e-01
6.414237573572226792e-01
6.144859889174680845e-01
4.648678780033304592e-01
5.745728973321981847e-01
4.694931731364913596e-01
5.376726485669723887e-01
5.570886560146645072e-01
5.168548163732920031e-01
4.159877294079690202e-01
4.998480719613889178e-01
3.681922216981602936e-01
4.579845012320573061e-01
4.536943960309043344e-01
5.722796164927386187e-01
4.947142917133449669e-01
5.856853679455683581e-01
5.373751585464582314e-01
5.681927153013969223e-01
4.788186516659238001e-01
5.360156430145667228e-01
6.018294997736280960e-01
4.235058458446991358e-01
4.896548096482953305e-01
5.193242817262755384e-01
5.311113337507245014e-01
4.979457502023107440e-01
5.287668485377642336e-01
6.073915267221311476e-01
5.942923276568770063e-01
5.337270988256436199e-01
5.213192710842063926e-01
5.858439576141161176e-01
4.893725463574309376e-01
4.832451739618211506e-01
5.441999881150879625e-01
5.635700605252054185e-01
4.998525855513121230e-01
5.130774779671349872e-01
4.755905963569102002e-01
5.742082324433227525e-01
4.668088828852681171e-01
5.365495989700319601e-01
4.213946722107809184e-01
5.508078725735597869e-01
5.889598946471856777e-01
5.944861908018269636e-01
5.593726492708889220e-01
5.519996237221326263e-01
4.613802370175616452e-01
5.992986181503822118e-01
6.150199788152971303e-01
5.821503313721460016e-01
4.811997539800175194e-01
4.895245865975544342e-01
4.461696729259811423e-01
5.386599013544035586e-01
5.501114898251782126e-01
5.833413371934231817e-01
4.355457380445063031e-01
5.413509137082306300e-01
5.245263716735073523e-01
4.457589989116619300e-01
6.041309277200289651e-01
5.403641359867441540e-01
4.919517565091385269e-01
5.867130498070080025e-01
5.786829217239071177e-01
6.275850354990141211e-01
5.193342914577238068e-01
5.272182855669299562e-01
5.004420528942956636e-01
5.839023474821086745e-01
6.146240848834096937e-01
5.211617833249165832e-01
4.420564827335440317e-01
5.198720063087848287e-01
6.125992858305963074e-01
5.487409977800093985e-01
5.535986963257923943e-01
6.090570353742509324e-01
6.159021997256483028e-01
6.220804225099512141e-01
5.764022236574167790e-01
5.775018424722758725e-01
5.506229853003316022e-01
6.127737096530330163e-01
4.765871833012089165e-01
4.740426936544299141e-01
6.178920035343234973e-01
5.754408544580256191e-01
5.225848033494374656e-01
4.289378883741972737e-01
6.301662037651779569e-01
5.584010884489125637e-01
5.666139961880950482e-01
4.997586719452165593e-01
5.824841818598213150e-01
4.401560463259184819e-01
4.873058117097897046e-01
5.640314946732443158e-01
5.307862053165486316e-01
5.520330026767038545e-01
6.448179349661494753e-01
6.053268930430694139e-01
5.910015310473274441e-01
5.704124830624971443e-01
3.841146154114874478e-01
5.539437684013277519e-01
6.087563214084661389e-01
4.844835729042707428e-01
3.915006676942743291e-01
4.977306628245865561e-01
5.887056461570137067e-01
5.113611798268126174e-01
3.857694365508112511e-01
4.930894202001873672e-01
5.007123469162693130e-01
5.945608042206865784e-01
4.832916265172089720e-01
5.741973326421679902e-01
6.010802286379268722e-01
6.311186177663777874e-01
5.058288762964445739e-01
6.081090467579770564e-01
4.828851448919658229e-01
4.744485074882371922e-01
5.498671508935639718e-01
6.659741009425860225e-01
5.318707082212402737e-01
5.586431759452551438e-01
5.264472676341016566e-01
5.376362185215659562e-01
6.049415642507441904e-01
6.300273055658637267e-01
5.569154334408429330e-01
5.278619352757981664e-01
4.912776973336231978e-01
5.577252707957319755e-01
6.042280773135479954e-01
5.549993862363404862e-01
6.700695175116986313e-01
4.665913150851094815e-01
5.272287242922585326e-01
6.651635015053346534e-01
5.830034143764863952e-01
5.674862631248903666e-01
4.566129447769571303e-01
4.551127064993339411e-01
6.534821643717084738e-01
6.439320167725265387e-01
4.963754656645802954e-01
5.378676114899790806e-01
3.640518532204240487e-01
6.076461394050768350e-01
5.651760910870100574e-01
4.625624461284708056e-01
5.352366723198397347e-01
5.400681723117825017e-01
5.410982521144678259e-01
6.236228632490035118e-01
6.108669048569460580e-01
6.096797462439751403e-01
6.074541769955323911e-01
5.042933847141480852e-01
6.348409916375173934e-01
5.044557180444441125e-01
5.941744294589209607e-01
5.323629338748188111e-01
6.519953506592407466e-01
4.838827496616779356e-01
4.444047277008016383e-01
5.197375712040520623e-01
6.150095478646064873e-01
5.700570606616811586e-01
5.196606722599805828e-01
5.709480843589925803e-01
6.116859244619133884e-01
5.036692890530721778e-01
6.191371918320472956e-01
4.146967905834792467e-01
4.632270935357327146e-01
5.086822149649065095e-01
4.750864721550920877e-01
5.811224714092908528e-01
5.794964810021997481e-01
4.906385096965756865e-01
4.580441604626004359e-01
6.266068097315381502e-01
4.468674754031054519e-01
5.746946640134126261e-01
5.575239075663946942e-01
6.134642486878466583e-01
5.795608076785309093e-01
5.869130047787755045e-01
5.886949393817034748e-01
6.180024747827402853e-01
3.852128994811657159e-01
5.969933576992190183e-01
5.492253252931481589e-01
4.541777499074888258e-01
6.017752027232244894e-01
5.762306587913444966e-01
5.593291364072735528e-01
3.834178339529246138e-01
5.644444166590111278e-01
5.972354448390346793e-01
5.661763870950425881e-01
4.352383703991495878e-01
4.282973389648431772e-01
5.191363409425504560e-01
4.517895034300437040e-01
4.513777469507562756e-01
4.941515938210436776e-01
4.958458437288166820e-01
5.419496589438398404e-01
5.515268490732040396e-01
5.354042576619170157e-01
6.055735542562971085e-01
5.286125083836650251e-01
5.613084185731264109e-01
4.816082694723013979e-01
4.938489161976344355e-01
6.152413940517996727e-01
6.194379444034828763e-01
5.488122452532135931e-01
4.508193503592309859e-01
5.373102487464279653e-01
6.316693313281596112e-01
5.502681015573082091e-01
4.844327718206692945e-01
4.303852747645292021e-01
4.857208779100755103e-01
5.597008619603126567e-01
4.623329947420111163e-01
5.181220350459735391e-01
5.119938588863326423e-01
6.503343089198146965e-01
4.716545481882441493e-01
4.270289724234343498e-01
5.192421182074681285e-01
5.168421448748644620e-01
6.430297116865540952e-01
5.453096498652580948e-01
5.422375873145336422e-01
6.252585807706186882e-01
4.555424222029236803e-01
4.165570129213529427e-01
6.124891744763817369e-01
6.166672012900663580e-01
6.188623595463285110e-01
4.827010457482427408e-01
6.359606488893211340e-01
3.915437168642730836e-01
5.419898349685672301e-01
5.227723703067693739e-01
5.662356712108983503e-01
6.229111841354372237e-01
5.898344109379977107e-01
5.491177161939883034e-01
5.670203165284265490e-01
4.241967285648307051e-01
5.057249030905012210e-01
4.123016841494716034e-01
5.763084709595247546e-01
5.610906876607250071e-01
5.354428514647733284e-01
5.251251665309851768e-01
5.311468422311682591e-01
5.630295480456105617e-01
4.669080124952634248e-01
5.153644352280043472e-01
6.095325599480314605e-01
5.434474161817929305e-01
4.706066547694625068e-01
4.651364231288157569e-01
5.929677709192767709e-01
6.322765039295558109e-01
6.520538065087726487e-01
4.932605013440176100e-01
4.989144569175703592e-01
5.573809425932972905e-01
5.627876924623614885e-01
4.814822343717716779e-01
5.584920135962391230e-01
5.356202220013568382e-01
4.557778337009769642e-01
5.875138050411913282e-01
6.098591449262746877e-01
6.133605210029238197e-01
5.517563132520754143e-01
4.543956174505978662e-01
5.248287742905136666e-01
5.026790765449414833e-01
6.023055669047825411e-01
4.863145162489532769e-01
5.766224226479467196e-01
5.109499981278990965e-01
6.041989474363729240e-01
4.558956234364834881e-01
5.577496805067070351e-01
5.167947779083581494e-01
5.424555431754805035e-01
4.861833005797436269e-01
5.518826619345746920e-01
5.423450837403870350e-01
6.606931056279332637e-01
4.808755946621274813e-01
4.808511398736381448e-01
6.029050416916009736e-01
5.429886601253427481e-01
5.065294776163357104e-01
5.078009045530730292e-01
5.586094842890797496e-01
5.559469346289453995e-01
4.451037513055735029e-01
5.784593981318156830e-01
4.586368139573611113e-01
6.677307408199205652e-01
4.871722557124687492e-01
5.989557527699277406e-01
5.444726226177259987e-01
5.968274720324876492e-01
4.037984811501818538e-01
5.448368972161297119e-01
4.828320506729588124e-01
4.270703933961286225e-01
4.998152942643029895e-01
5.286291350934299027e-01
5.617436040564937061e-01
6.244053020713636881e-01
4.417075369331135426e-01
5.755459407269535310e-01
5.624901442201437618e-01
5.180038504230363161e-01
5.666812342763861698e-01
5.513973024570631987e-01
5.038091043816652626e-01
5.924989823715630655e-01
4.748172308220331428e-01
5.082411537969161452e-01
5.350606658141342509e-01
6.194872400221886899e-01
5.517201066027951351e-01
6.234752845979757430e-01
5.121532926605255609e-01
5.085290000807737298e-01
4.197910626311024962e-01
4.961924630027740313e-01
5.563403227796783757e-01
5.189590697238491979e-01
5.090093924146716908e-01
6.230889155900027898e-01
5.411935955619368022e-01
5.477544954818835965e-01
5.788325303303357705e-01
5.067481120408264816e-01
4.486643877238480904e-01
6.020458536120948390e-01
5.427126357470249962e-01
5.079933457169631961e-01
6.096479139969961381e-01
4.987244764852055146e-01
4.162786219328630799e-01
4.014686728046657493e-01
4.801200657587033072e-01
4.739951207621850293e-01
4.096529115380840858e-01
4.342500980037642400e-01
5.801012755835061041e-01
4.779483007858494337e-01
4.918057197852941376e-01
4.257152294712529539e-01
5.307615743273144115e-01
4.585944951757160992e-01
5.702955021353020015e-01
6.288118965785138847e-01
6.089958397243675492e-01
3.939437692693734117e-01
5.026756728750334524e-01
4.737791439992634079e-01
5.997472717995880886e-01
4.024299187476909068e-01
4.731119304615521437e-01
5.990181713661210106e-01
4.365115592940743139e-01
4.676090808085870409e-01
5.403161475094233612e-01
5.496997449091126642e-01
5.787167164994851953e-01
4.469409487393667391e-01
5.526983467856722010e-01
3.851282767839703247e-01
5.729211973425173410e-01
5.278531885683168667e-01
4.608622742792807259e-01
6.544073523086167965e-01
5.126731842488022606e-01
5.598350097514174228e-01
5.193592828823198060e-01
4.987180845162586529e-01
5.458787472313241240e-01
5.052314495264946803e-01
5.307576982003668897e-01
6.300035080090238271e-01
6.055139814700397638e-01
4.638635064491623550e-01
5.134297283027969838e-01
5.675297612429234251e-01
4.562137604474161279e-01
6.638200473618482977e-01
4.370376423823970069e-01
5.558379273703949464e-01
5.425104320194532592e-01
4.997190267970081923e-01
5.514780929699211187e-01
6.078325707001382971e-01
5.270619441531975147e-01
4.653862887546330041e-01
4.508739581055961065e-01
5.003419892118615708e-01
3.974258102946057192e-01
5.811791308170328740e-01
6.770913575303197929e-01
4.720638942356376044e-01
5.327556271652021946e-01
5.340145910489232373e-01
4.506689835357906015e-01
5.171805222691459036e-01
4.677677110106926439e-01
4.983962141273599045e-01
4.256458593775042654e-01
6.150503881134684603e-01
4.991393033612973595e-01
5.551235681566676350e-01
5.282448953416369886e-01
6.249792785577391596e-01
5.466041210709003950e-01
6.082473290757454132e-01
6.030887868438548072e-01
5.419189233890595592e-01
4.611357694176558275e-01
5.923871799558856344e-01
4.990404098066056893e-01
5.661444483292433771e-01
5.400119094550236420e-01
5.895216793038039471e-01
5.642207578302842474e-01
5.091900514286994417e-01
4.802949150898325192e-01
5.060657373463167685e-01
4.121415440242723882e-01
5.713874021400908720e-01
6.430263618523934799e-01
4.898425885775719579e-01
6.146197391240215691e-01
5.451513441113260416e-01
6.333228938933866958e-01
4.412901890736140587e-01
6.360440154330955220e-01
6.164098269267191954e-01
5.788902607099042363e-01
4.828619418529615515e-01
5.029454924986774822e-01
4.821776126407661955e-01
5.618575539356024384e-01
5.285000774571381177e-01
5.694316155663714518e-01
5.593469268207850176e-01
4.286121316356314992e-01
5.313623930615222202e-01
5.504793311447556681e-01
6.212381477560482423e-01
5.957920226311586021e-01
5.113816475735711853e-01
5.161303683384208529e-01
4.924161005271070479e-01
4.364029232454216256e-01
5.467798840355529988e-01
4.500076900863179130e-01
5.795524243837898437e-01
4.471280427528760981e-01
6.532026502175872773e-01
5.247104952165657643e-01
4.370193956576498562e-01
5.362908400945006759e-01
4.810061804775608851e-01
6.184619766661657581e-01
5.204329046845764806e-01
5.816101513394066336e-01
6.257028707460803307e-01
5.609359954331246678e-01
4.347598951426432379e-01
6.521820285195315536e-01
5.463465229305189963e-01
4.740918743534339730e-01
6.259618445742479720e-01
5.689791422569763224e-01
4.199718105766368503e-01
5.484176196537590142e-01
6.106078026062434772e-01
4.962004645047390916e-01
4.913285917169523676e-01
5.315477109988567817e-01
5.724370339302942146e-01
5.367880765818670019e-01
5.103829992715223085e-01
5.352931663940079243e-01
4.630617301119048235e-01
3.589653505432641167e-01
4.270617631658931157e-01
4.979278754698572285e-01
5.039510434151188711e-01
3.590243665694128894e-01
5.507262017047280800e-01
6.327371723274425319e-01
6.057708896430421541e-01
5.132261134001233627e-01
5.277215942096662449e-01
6.681678720719482767e-01
5.893728068198630377e-01
5.501242127319316833e-01
4.736620416448740212e-01
4.341834855476596200e-01
5.158634452837053130e-01
5.612514889046839039e-01
5.102615499632223717e-01
6.010448567452387758e-01
6.190520375566540556e-01
5.593616420815592516e-01
4.507606788822839938e-01
4.584171407870676895e-01
6.367957721812282923e-01
5.720955697548826269e-01
5.166152482906459786e-01
5.549295788144098518e-01
6.479119331068002863e-01
4.170993215483471683e-01
5.554303887611254931e-01
5.815882620576510176e-01
5.562848255151336962e-01
4.426654082364787635e-01
5.601348978350435548e-01
4.521557915438079722e-01
5.253872916594320985e-01
4.955655617672070079e-01
5.694234992822430064e-01
6.581174679355588086e-01
4.363816867037140779e-01
5.168114168279672738e-01
5.408882712149142291e-01
4.696456889641204557e-01
5.897980476903986746e-01
5.400158433490939158e-01
4.794833445198967148e-01
4.558424823196237097e-01
5.370561709504909631e-01
3.593510856530781616e-01
6.179119041194542916e-01
5.478048068340327648e-01
5.910688884856256653e-01
5.174727942769865585e-01
5.862888443701967933e-01
4.642537578128058118e-01
5.727159947011010166e-01
5.471570515336973139e-01
5.749551029342200303e-01
5.504685202974420877e-01
5.904580041928338963e-01
4.947682826117993371e-01
5.751848874918344956e-01
6.654952084174078353e-01
5.554415842202972131e-01
5.766981073449782835e-01
5.754080788321198625e-01
4.390137433551751234e-01
5.705897253414259351e-01
5.856750874542340224e-01
5.196051784065055523e-01
5.334943500980672271e-01
4.711675684875500369e-01
5.889415303083925801e-01
5.847300282960731233e-01
6.474943002410142867e-01
4.298022262849267583e-01
5.181743789315139681e-01
6.333237496038343073e-01
5.218817217044408041e-01
5.785362470933376189e-01
5.186408653045980754e-01
6.280925351695935133e-01
6.246564692168644628e-01
5.117406620447263466e-01
5.072266345486212691e-01
5.551353520929723784e-01
5.316010827289533447e-01
4.870333830969338362e-01
5.042039105206869154e-01
5.533757044050732210e-01
4.872751559768045415e-01
5.753573181609733522e-01
4.331248141366454418e-01
5.295346935481589634e-01
5.683545531435143516e-01
5.855935159236729248e-01
5.093933198272940777e-01
5.723483216189596545e-01
4.915233446725121857e-01
6.534225751854315645e-01
4.284662299441863720e-01
5.951418180268370772e-01
5.640471427172296659e-01
6.128590467130283770e-01
5.303546853094919244e-01
4.759594593043434130e-01
5.911756888364145812e-01
5.560216545517493447e-01
5.306883197707580324e-01
3.721724972081327798e-01
4.128427669689641033e-01
5.233432131836018852e-01
4.846540798270931316e-01
6.323679977860316992e-01
5.192052995776783586e-01
4.715549351818315582e-01
4.744555146977773585e-01
5.141401456648492241e-01
5.488885233019233922e-01
5.583656093296932577e-01
6.128925721516643721e-01
3.938805735675353081e-01
5.694413613573306998e-01
4.550361309012813660e-01
4.839510155622003817e-01
6.259757512909137622e-01
5.621873758334898774e-01
4.720720438744872016e-01
7.131937705458616383e-01
5.452038108457971655e-01
5.635174449390384366e-01
5.724472969902838493e-01
6.029219627458115571e-01
4.526165512740381591e-01
4.559562192608419551e-01
5.531578451940781793e-01
6.368804335298506869e-01
5.648340310658873653e-01
5.325363259793065573e-01
5.170005126403222073e-01
5.978246298009289861e-01
4.651856846881006202e-01
5.970973895050784019e-01
5.708412502219328832e-01
4.771813726774397080e-01
4.977142495093333507e-01
4.456373645455630750e-01
5.870727940042418380e-01
5.589674917012117383e-01
3.693939930138978034e-01
5.598453121163030621e-01
5.530913817339498939e-01
4.967264147370124561e-01
6.030129417673579795e-01
5.540666886950492698e-01
4.578009049202845238e-01
6.036188861054262444e-01
5.328295702116823129e-01
4.860480832924164996e-01
4.986707843334519663e-01
4.541074872403772500e-01
6.694499116418332063e-01
5.460644881884744173e-01
6.017290377051865979e-01
5.600595739210306734e-01
6.632955054601892275e-01
5.957226265614249394e-01
5.766526335523390889e-01
4.264318753986713895e-01
5.240605538007419018e-01
5.550879269872690536e-01
5.733372812929654616e-01
4.102272817929175086e-01
6.239779437468520040e-01
5.148404508610758823e-01
4.391925846255617105e-01
6.105454457891975606e-01
4.982255100951296090e-01
4.572079659195008028e-01
5.659362372555359899e-01
5.840110708112300486e-01
5.791875557963871435e-01
6.164591836352922849e-01
6.067573253896868524e-01
5.147708765643631557e-01
4.303425322884020243e-01
4.494550505873866619e-01
6.496880229689636632e-01
6.198682326330883230e-01
4.675695598205321102e-01
4.865006484846687851e-01
6.142096308575483166e-01
4.186647056397594380e-01
4.692154064534452829e-01
5.114141724727777616e-01
4.880703351509065868e-01
4.541893631169377499e-01
6.018690559776237459e-01
5.288059704654674009e-01
4.039276442697825598e-01
5.564720546138191004e-01
4.487321543616123454e-01
5.387038117707884100e-01
5.371347252509801606e-01
5.804568493998808476e-01
5.997859129347457019e-01
6.423485755319536805e-01
5.743411759144708695e-01
4.232193756143962649e-01
5.920866722434814378e-01
6.038529705735214970e-01
3.999059984280901592e-01
4.807870536394910910e-01
5.550346699614380208e-01
4.859756461239499448e-01
5.848457455752237300e-01
5.682986564123243545e-01
5.081576656392430280e-01
5.467682541037012234e-01
5.816561701625774239e-01
4.758316660619070770e-01
5.470848591875355771e-01
3.357445435996086469e-01
6.155475464056034962e-01
4.081412210973718313e-01
5.123957717178058147e-01
5.580704498483417542e-01
4.573738349058411590e-01
4.007860109908492618e-01
6.397997831906830912e-01
5.668994734940758784e-01
5.301084907197216589e-01
5.920861973159073921e-01
4.358441599545277434e-01
5.370169645264374347e-01
5.594002004759836000e-01
5.297148279069147092e-01
5.539783173746766209e-01
5.624567386328315211e-01
5.410977221850780117e-01
6.202146472431709912e-01
6.256886833409903703e-01
4.139946858687815201e-01
5.317696319060533083e-01
5.969523164856868069e-01
5.094933846067051242e-01
5.946277154743244697e-01
4.602238478152788637e-01
5.586057428613023790e-01
5.621866515736135828e-01
4.866112078734709523e-01
6.907072672299293670e-01
5.766134685806361126e-01
6.284914811876732843e-01
4.475326836221207860e-01
4.301345836470870654e-01
6.341863495365106518e-01
5.108197313989766286e-01
5.413383245261023102e-01
6.154275315619704978e-01
4.620852061925766474e-01
4.905430111141717009e-01
5.978073252957555317e-01
6.027220605939559439e-01
5.863385337591696667e-01
4.713166991504620928e-01
6.297855342712703752e-01
4.804230877967201607e-01
5.029623646497496381e-01
5.058711884490046939e-01
6.442073038137806629e-01
3.359943683811474902e-01
6.167942212726525986e-01
5.482283394611259242e-01
5.790431686797054001e-01
6.073435809690269638e-01
4.597573502401490209e-01
5.350907471431863849e-01
4.644660510048950197e-01
4.864332544263674785e-01
6.028790035777922274e-01
6.014823124336207139e-01
4.351382344736908769e-01
5.137068869421371753e-01
5.393238348261829573e-01
5.652896377667689931e-01
4.919173523361470846e-01
5.147925090952059080e-01
6.154929297184340564e-01
5.471668606546217228e-01
4.897595716077818850e-01
5.451206972420177266e-01
5.758306545531292064e-01
5.470698866593716181e-01
5.673154550169489108e-01
5.590818251725567789e-01
5.271182018439407591e-01
5.354870766598300857e-01
5.489392523213582065e-01
5.911593907780688939e-01
5.686757262425858883e-01
6.268359769126806702e-01
6.557704061704100473e-01
4.016141522684366638e-01
3.869679919595929718e-01
4.624514787992369258e-01
4.782420952298511718e-01
5.550345805274986555e-01
4.386336115346892162e-01
6.449212807337868503e-01
5.435706268854919587e-01
5.841475139254479476e-01
5.782169609769427510e-01
5.125320882388233468e-01
5.848922222825999606e-01
5.517610928537219905e-01
5.993123697866887811e-01
5.872694869322443445e-01
5.329481153728327092e-01
4.903456066269747393e-01
6.245723923799731958e-01
6.589148720531051717e-01
6.768757424001933254e-01
4.293818591157123055e-01
5.487253182045781497e-01
5.992773095443091336e-01
5.512037620901730772e-01
5.290030236085097037e-01
5.295017482162337474e-01
6.066801470421536724e-01
5.210119181158864299e-01
5.568126051396157239e-01
5.064750613206594476e-01
6.208414619593711770e-01
4.611368469632051714e-01
4.278235362802407238e-01
4.558165164209974640e-01
4.783974707336612897e-01
5.251719989313082815e-01
5.705001777512780370e-01
4.247974936874825969e-01
5.195823550249695222e-01
5.444910698766822765e-01
5.393092441773504886e-01
5.708781294067445389e-01
6.154044650805799987e-01
5.863724783531710782e-01
5.395506013483198915e-01
5.536596594638205637e-01
4.559342358982693688e-01
5.722849685375784867e-01
5.793076934807774858e-01
6.209207343159612869e-01
4.406302689274927409e-01
4.991508088789876063e-01
5.602283421255616069e-01
4.628979058284437009e-01
5.973008648053669267e-01
4.482723675855342926e-01
6.048918385948002241e-01
5.381916895901615039e-01
5.520330830161902513e-01
5.188379410045217410e-01
4.934495211381799140e-01
5.199580900543387951e-01
5.392670458801693822e-01
5.803490619557285513e-01
5.321660244359346370e-01
6.033058866780686147e-01
5.834547136145187274e-01
4.854366750837887934e-01
4.840891805536538528e-01
4.354276246420903385e-01
4.244576162304092848e-01
6.756613678674990853e-01
4.253192357248396505e-01
5.546086828856150452e-01
4.890777003909032028e-01
6.030001649335440250e-01
5.416484284158555873e-01
5.066770819938878345e-01
4.899233232459874188e-01
5.139230635727277674e-01
5.769207705807763986e-01
5.241708999832433991e-01
5.177077217485234195e-01
5.755557319880332257e-01
6.064678405068257838e-01
6.111710097228619798e-01
5.343543604716146644e-01
3.755841163824946705e-01
5.651371265068417804e-01
5.791995214512782875e-01
4.282886913830636910e-01
4.424656602455342980e-01
5.139078886833390314e-01
5.218517657389731834e-01
5.642989436436983697e-01
5.189234692997563014e-01
5.052484540491931631e-01
4.216931345863967340e-01
4.282305171421159629e-01
5.930102236752503586e-01
4.078891494536889262e-01
4.886698387450332803e-01
4.428403850024918431e-01
5.244517207926843172e-01
5.293981985404105917e-01
4.936566299507931799e-01
5.658594498921954985e-01
5.823427772441246431e-01
5.289837817076326054e-01
4.838043022339946764e-01
5.681243113429776947e-01
6.437717245449335879e-01
5.048700282067687395e-01
5.194373170322407196e-01
5.209737390025461767e-01
5.871011130659091748e-01
5.142016380949224752e-01
6.209772477127176726e-01
5.412767117197484490e-01
4.974305271644420823e-01
4.320739793844296517e-01
5.765076177909626010e-01
4.024858765826086482e-01
4.173495851486767605e-01
4.510165556054393510e-01
4.640663096043534108e-01
5.054721411506978290e-01
5.463631268648364570e-01
5.577400121820198509e-01
4.510165805892896174e-01
4.282428897601633921e-01
5.583032922401075515e-01
6.233264277827701427e-01
6.516482403130041678e-01
5.531526243407548504e-01
4.670786504134257222e-01
5.160921075749794751e-01
5.722035182649460872e-01
4.636320196293173823e-01
5.106346942816317735e-01
4.755308833424411463e-01
5.246034062605975379e-01
5.443915231166657209e-01
6.234712862886142570e-01
6.412547292157773082e-01
5.720090127649155587e-01
6.520342625815193083e-01
5.343179965559637923e-01
5.138432594564944500e-01
6.059590574004202201e-01
4.810898587161553941e-01
5.311477663930440629e-01
5.716857039369357407e-01
5.249832556803532002e-01
