-6.377204826814987237e-01
4.599169075550321173e-01
-2.999747291504581970e-01
3.606472287654318709e-01
3.634939665419203991e-01
3.461629322436263756e-01
2.241627867726926626e-01
3.856994649351362381e-01
6.880774246738499134e-01
-6.221980346987171506e-01
5.510622675629536227e-01
-3.579014210163458665e-01
-3.327665212628211910e-01
-5.676168880891384605e-01
-8.908048419960973296e-01
-4.577912279748707625e-01
4.877368427009990959e-01
-3.181812596751051880e-01
-8.043136591658370804e-01
-5.200177469208019376e-01
-4.473629197831841542e-01
-1.369981839601750184e-01
-4.822384536104816766e-01
3.777954996637894469e-01
-2.822497633460800959e-01
2.972923919996240949e-01
3.696406387690116535e-01
4.808585135887480932e-01
-6.414090439435384816e-01
4.107406300019716960e-01
-5.136008239401372855e-01
-3.939182847014750521e-01
-2.410595760562402046e-01
4.845475468457364765e-01
5.658972312063108578e-01
-2.094045650700473993e-01
4.225828471321562141e-01
-2.559315185223447475e-01
-4.333969375503578525e-01
-4.625117896734786127e-01
4.067951186762066573e-01
-6.510054648843810465e-01
-4.847331098830423568e-01
7.174716044283314664e-01
-5.458779529598329905e-01
-5.018940515367141808e-01
5.647511235723134959e-01
3.249577596532332580e-01
4.125479039921905455e-01
-4.990124970583762476e-01
-3.672768482242252941e-01
5.367470523539663585e-01
4.688900905214013481e-01
-8.102446264236857765e-01
2.076444692639020928e-01
-5.613992488345054266e-01
-5.107006659639832247e-01
1.554748584097337127e-01
4.392347893515422541e-01
1.423249738839802714e-01
-4.590469970124866350e-01
-5.333792487359219070e-01
-5.857745496417054998e-01
-7.366675579221773074e-01
-3.317937655379982198e-01
3.632834536242622314e-01
-5.615884430334352473e-01
6.168086078328087751e-01
5.360216426826769354e-01
5.075825574389966066e-01
-4.776164068162339627e-01
3.806444805127783271e-01
4.277018888317060119e-01
1.745219941729171109e-01
-5.225492370611918291e-01
2.542809921553987329e-01
-3.887388593790412350e-01
3.117315438384830606e-01
-7.886197053441021954e-01
-5.346850566729766108e-01
-7.449397837234118525e-01
-4.713847300265205376e-01
-2.545688637306069424e-01
5.453875799470540020e-01
3.014681451241540411e-01
-8.055948197345175199e-01
2.739484103980081575e-01
-4.530882831894271212e-01
-4.676442391256891429e-01
-4.900288662744429757e-01
4.972025286302598213e-01
-2.453644406886520135e-01
4.205721300481613523e-01
5.922246286720322939e-01
-5.704988692965979880e-01
5.028380609067256701e-01
-3.838916474994427119e-01
-6.726902229645103093e-01
2.401098772682083993e-01
4.414933435579375121e-01
-4.838255404223399392e-01
3.516295376704335895e-01
3.874912081687446608e-01
2.368294423538062354e-01
-4.523306180377344998e-01
-7.122887750045021615e-01
9.323432120522744115e-03
-5.176785198831231893e-01
5.360715858406732703e-01
-6.834962209051442805e-01
-3.398992953223196611e-01
-6.012139761335512089e-01
2.667964747959393756e-01
3.804977241398446175e-01
-7.063154425840348916e-01
-6.226334585655798337e-01
-6.177771950069942397e-01
-5.144156170277889295e-01
3.558975005395446645e-01
-3.755159987593971738e-01
1.447086851413803554e-01
6.164073325885340848e-01
3.244510329365294377e-01
3.857407917226100547e-01
-5.399948545690198554e-01
5.442246356610156433e-01
2.296180247264034413e-01
-1.208827965449319614e-01
-6.261480881180971902e-01
-8.389339673772182593e-01
3.806020320002010959e-01
2.437410922252188361e-01
5.316093278635671826e-01
5.720187868543197274e-01
-3.169597551597922447e-01
-3.093533393147201438e-01
4.776100256515891096e-01
-6.466623295875253419e-01
-8.224048628618699786e-01
-5.414253512347363406e-01
-5.680532890011453784e-01
3.796307827042316174e-01
-3.339871554558613842e-01
-3.741085593778019081e-01
-5.691780303945953579e-01
4.323756720424757338e-01
2.968659673797895970e-01
3.019414996130331263e-01
-1.729129574561052152e-01
4.247980200935773110e-01
4.489777945015892557e-01
-8.729609289709507891e-01
4.115572492510155000e-01
3.914074380041178691e-01
4.604725182530809979e-01
4.946673827012919022e-01
2.178060415213919632e-01
4.732501565712172731e-01
3.456060400720173398e-01
-3.705976155298601471e-01
-6.070158546507962161e-01
-4.913406868993691612e-01
-5.766899012922617196e-01
2.443006361013987104e-01
3.518332199755225820e-01
4.419168130608499001e-01
4.852727885759641757e-01
-4.729460567902999402e-01
3.535076955061354220e-01
2.578021959769779547e-01
1.897040982957015065e-01
4.228754335093796168e-01
5.027598181383347020e-01
-5.506576686930143572e-01
4.799750048541669978e-01
-5.949831588287044504e-01
4.443639681808690400e-01
3.689878809542685989e-01
4.542812998823552717e-01
3.231721549125386450e-01
2.555927621782345116e-01
2.111496485739343398e-01
3.978238401866059371e-01
-5.485719882284472160e-01
-4.400686884800307785e-01
2.488859083241694858e-01
3.588939534362617367e-01
5.176256481602223847e-01
-7.116712939119953507e-01
-7.068665982475511589e-01
1.900038390732779470e-01
-5.100787607546416469e-01
-3.855957091777354462e-01
4.735420849033983859e-01
5.760517101178518340e-01
-6.353850897358460648e-01
-5.874732209662653082e-01
-3.223821668538170426e-01
-5.040828572007131081e-01
-3.682115595348519066e-01
-3.606700729118263449e-01
4.063682935270573338e-01
-7.849557539955166474e-01
3.812300130988615643e-01
3.252567696465626379e-01
4.890780271342634045e-01
-2.872091735224399089e-01
-6.499962195857375002e-01
-5.615203002237657559e-01
3.945087808352628067e-01
3.461098018979805735e-01
1.547930187530927593e-01
-6.329811696985806480e-01
-7.163399598948166913e-01
2.029057448801422636e-01
5.426705736009458381e-01
3.428082660150158500e-01
3.452958441039756243e-01
4.657039620165417948e-01
3.412644809426962911e-01
-3.659523200818703970e-01
5.343648538362762990e-01
3.759459925816509007e-01
-4.890198877892119045e-01
-4.347760970192393049e-01
-7.202331787723736944e-01
2.920055219166568516e-01
3.970803153811066633e-01
5.416756401379189123e-01
2.674732456758522336e-01
-2.539859752300243079e-01
-4.108394162739106292e-01
-4.831898320725270812e-01
-6.123211396000367568e-01
5.387920617424427627e-01
-2.062955887653520615e-01
4.613151812754375247e-01
3.153381989274094965e-01
3.631623443296632114e-01
-1.417024282655945933e-01
-5.831396616226294238e-01
-2.497214279124701508e-01
5.501601120987761329e-01
1.822545580635171747e-01
3.316909231196304431e-01
-4.397857667023047923e-01
5.631336138099236610e-01
-4.817029104768950631e-01
-4.760003711958912254e-01
-5.843963163775405256e-01
-5.326387479160804572e-01
3.790036077440779860e-01
3.114149326140737140e-01
4.058659702181396378e-01
2.268642488469934104e-01
-5.237061687067688931e-01
-3.586410883306644370e-01
-7.103132734585804187e-01
4.863251682691238087e-01
5.228379711181873057e-01
-4.157628916911462191e-01
5.305966715521351906e-01
-4.088757969910950529e-01
4.913642848977336497e-01
4.548248493667686465e-01
6.578692456137671396e-01
2.005705455610230226e-01
4.335338483678000121e-01
4.266927098618919501e-01
3.897190978063181377e-01
3.204154997305302399e-01
4.985548813771625287e-01
-5.351189694217729498e-01
5.397147038238291339e-01
-1.635337818820146449e-01
3.535882780176512474e-01
-6.725657713926040948e-01
-4.949902306051290335e-01
4.644922336007299979e-01
-4.730609191000838543e-01
-4.839470976709461802e-01
-5.115397012051334791e-01
1.622639289543109653e-01
3.871146419151841322e-01
5.075270714439951147e-01
-8.497722530132069130e-01
-8.789041529243493134e-01
4.648658870206625049e-01
-9.647622128090974636e-01
-2.045338696096215270e-01
-6.295934088035697318e-01
4.241162634860510261e-01
3.767678212663548853e-01
-3.483395280772635383e-01
2.965100386532590893e-01
-2.888971811667391254e-01
-6.913004492447084592e-01
4.135370023744052159e-01
3.763633641998191948e-01
-4.385808680947455018e-01
-6.719884275271947871e-01
-4.575540978564066608e-01
2.925138013153830707e-01
2.743668236044855546e-01
-5.959244618235866042e-01
-3.544042436928088735e-01
-2.854945329739278503e-01
-6.059474449889047376e-01
3.862867741739980376e-01
4.284318129296575406e-01
-5.197854224101230436e-01
0.000000000000000000e+00
4.404086955028493899e-01
3.042438997907629394e-01
-5.592720553920574877e-01
5.208039018431790401e-01
5.544011760682927559e-01
-9.277011535243033791e-01
4.407775770171413754e-01
-4.955114420603575209e-01
2.542162931825913130e-01
-5.107426595473359976e-01
-6.241631572212257284e-01
5.700117847004397831e-01
-4.593636519949065855e-01
-3.336446061096072779e-01
-3.386403380880253500e-01
-7.222908228535445119e-01
-4.139976231320378619e-01
3.693316853633754060e-01
-4.423491586379779683e-01
5.210689270174160281e-01
3.617227794807227337e-01
-5.089197868913579725e-01
-4.692993013559078608e-01
-5.411000610681768741e-01
3.572715955850637171e-01
2.353389363603672901e-01
-5.911986619263556175e-01
4.868562964917558800e-01
-4.143660152002662800e-01
-4.828722174140848700e-01
-5.635848553488870261e-01
5.478802639815656406e-01
4.703448125738260988e-01
3.292174876629231917e-01
-9.094109570897225547e-02
-6.155330153568661089e-01
3.364003777940619555e-01
4.383673678482973290e-01
-5.252235858753427911e-01
-1.759841218450650391e-01
-3.830142612843903116e-01
5.332204159254445575e-01
5.347020016762085159e-01
-4.076576064724817816e-01
-8.923864408150270489e-01
6.243864443036082346e-01
-2.183341590209107175e-01
-3.217550151686376925e-01
4.465798141762963858e-01
-4.103958870880784482e-01
-6.080313989846444223e-01
-2.283076489449014368e-01
3.440131643197528732e-01
-7.290749719383990968e-01
-6.605893113162012442e-01
3.189571259482150145e-01
4.289877374751216998e-01
4.757812696125597318e-01
-6.398337389111760087e-01
3.018979633540999630e-01
4.381551715055930774e-01
-5.599395053629804275e-01
-4.932998814992134440e-01
6.079311350900818978e-01
-4.457844778906958627e-01
-5.223839541508127349e-01
-4.984072199834118644e-01
-4.064811484651023599e-01
5.063366909936611870e-01
-3.200874122924246556e-01
5.240048016712443024e-01
-4.434296311432228688e-01
6.586048052037840606e-01
5.230503857023931502e-01
-1.919017831242389172e-01
-5.644328643311373739e-01
-1.424689385051050305e-01
1.951007282841325796e-01
-8.426101234044979238e-01
2.287550197355086856e-01
2.271758422024255930e-01
3.361639260297604737e-01
2.603139966473089761e-01
-4.971965554368721341e-01
1.943463002233802306e-01
4.228510571869489310e-01
-5.490340943940694718e-01
-4.808751580207262233e-01
4.035611721344333769e-01
-7.535549393322439338e-01
6.710312367306571213e-01
3.355533159050198000e-01
-5.337990859373324959e-01
3.651038557159751452e-01
6.410942715127219138e-01
-4.319450934563128230e-01
2.101602303876682898e-01
-4.644266439019424930e-01
4.382633823525464156e-01
5.600113884050014201e-01
4.625327906522373467e-01
-6.100512145693092192e-01
5.139770283726985411e-01
4.652517424558259007e-01
4.255168849670089570e-01
-3.758725718464108190e-01
3.485943701538560813e-01
1.813932153625164578e-01
3.742520264952310938e-01
4.905459518073316816e-01
3.771679547824711709e-01
3.240147226390256430e-01
-7.494782770138729289e-01
4.684618023481820215e-01
-5.180163333333190900e-01
-1.421356963077041735e-01
4.064139634229694820e-01
2.248964123847706775e-01
-5.216833083323514364e-01
-4.919474786863438642e-01
-5.708722380714978950e-01
-9.214041543427494707e-01
-6.152715312704606365e-01
3.923954415484672831e-01
4.284883426710623389e-01
4.191283487854522982e-01
4.289610935632395816e-01
2.719337642405467159e-01
3.712415769766994611e-01
4.287474807117249709e-01
-9.394735452160025702e-01
-5.693006058506465683e-01
2.380433251898635416e-01
-5.384849646909236620e-01
-5.521725035459490449e-01
-2.946186780100045199e-01
4.198940644829826652e-01
2.844918192866666140e-01
4.504895360817671168e-01
-5.618329695071936358e-01
4.029233271626443402e-01
4.211382964206677459e-01
-2.041238537674645859e-01
4.833866174975137708e-01
4.889371542993089514e-01
4.003552320063118453e-01
-3.160989235467163150e-01
2.077011611190613949e-01
4.068373649166399653e-01
5.201636442606233368e-02
-6.945635070167797132e-01
3.107224989759864164e-01
-3.024484737406681889e-01
-9.537086566164911794e-01
-3.545151397151460326e-01
-6.256918575764949253e-01
3.219751898552729030e-01
3.341236497510369219e-01
4.202089336563423760e-01
-2.126362339311908822e-01
4.608877209690661059e-01
-5.570227043599261796e-01
-7.898790493685539094e-01
4.038154159893472261e-01
-8.307532068171641360e-01
2.915779203948976606e-01
7.508364956256173839e-01
-5.577786056954239235e-01
3.152821604807085065e-01
-1.243635013456099586e-01
-4.409541287907948193e-01
-4.287400742493090999e-01
-6.354048058203997096e-01
-7.996290309822539077e-01
3.608681836598943704e-01
-4.207040056827567320e-01
-5.486994996461735941e-01
-4.194646281072318961e-01
2.553973792268938170e-01
-5.082491948115628322e-01
-4.927934617428805786e-01
4.155871088243375255e-01
-6.159186525100078802e-01
6.327033490489519796e-01
3.569138915986545535e-01
-4.958331253203701050e-01
-7.909643188969918137e-01
-4.327846549798096132e-01
-6.912397185418075463e-01
5.231299218103682147e-01
-4.481518039019695143e-01
-4.113596145465901466e-01
-4.937149453285160638e-01
3.964594268020295020e-01
-3.397043980205248226e-01
-4.880636976355662293e-01
3.242909633551128157e-01
-3.507279877947899749e-01
4.493329088531141657e-01
-7.068464540832044563e-01
-1.000000000000000000e+00
-7.039308285997321057e-01
3.747474407689961873e-01
-6.094296383827362273e-01
-8.945381940078910299e-01
-3.191300302572496195e-01
4.875481454789283298e-01
3.862488366782081406e-01
-8.254075194480752220e-01
3.248468830137705710e-01
3.987715699226760946e-01
5.236781804899481862e-01
-3.591898042502321697e-01
2.924452305307991828e-01
2.311486710486838070e-01
4.676827146709813809e-01
6.650472415083590327e-01
-7.344548454992964048e-01
-6.022830297121484211e-01
5.254502428565037686e-01
6.421913972982227214e-01
-9.188358771610564135e-01
3.752397832075582418e-01
-2.785774699889876915e-01
3.993221964092829035e-01
2.002086505789576476e-01
3.541028113261082133e-01
-8.176355804620615286e-01
5.820345175092188628e-01
-5.763647582002672243e-01
-2.923969735309057683e-01
-2.707848056268273296e-01
-2.269859661692670560e-01
-7.601113510280784746e-01
5.663993203827603073e-01
4.672430322443901218e-01
-5.011450494708209469e-01
-6.346725556550374403e-01
-6.509547850063586161e-01
-3.788490959255947921e-01
2.228976418610871257e-01
-5.869570736561698920e-01
-5.422584425827288168e-01
4.400841419841507451e-01
6.517782466032163713e-01
-6.218515628958304342e-01
-2.890988079332187932e-01
-5.207964741148348731e-01
4.346705493859149283e-01
-6.377236962451956481e-01
-2.935861952451980228e-01
-5.682514464748376071e-01
-3.143545892899587413e-01
1.965422596247272669e-01
2.152824353381466715e-01
4.075953729048067964e-01
3.355273466462803666e-01
4.404949863244512209e-01
3.550505958653945027e-01
3.748530681502002526e-01
-6.194152205858863836e-01
3.875934785969412655e-01
2.675063821342898440e-01
-3.720596115931266712e-01
3.571594521462982397e-01
-8.566536455163831221e-01
4.100197449471839617e-01
4.980973486676968376e-01
3.216282118513205668e-01
5.112388755855534761e-01
5.001730761275741122e-01
-5.813042475788605667e-01
2.219336656167877064e-01
-5.676203983004391995e-01
3.850059735644048020e-01
3.939726833167205844e-01
3.207727686155729119e-01
-3.579366590442676910e-01
-3.226351343669278116e-01
-5.199749857438014100e-01
2.220268387699818879e-01
-2.801707515418637162e-01
-3.546150921114037402e-01
-7.714394049757050675e-01
-2.591589733353112379e-01
4.632215031354258716e-01
-5.763554434783080271e-01
3.257771415206300869e-01
-4.755177509856257090e-01
-5.659760693510295093e-01
-4.305333099221718141e-01
4.724147926079872994e-01
4.300476402630675765e-01
2.213944147725956102e-01
4.101845834861327367e-01
3.286666752763596211e-01
-6.571641698039991653e-01
-5.579864357157641175e-01
3.012429230693241533e-01
3.665626179206182278e-01
3.645403074729608450e-01
-1.988379371617631508e-01
-4.865999397246083547e-01
-5.102371888017528390e-01
-5.402769941492463479e-01
4.422241646523815128e-01
4.043645255197383936e-01
-5.461769705616299486e-01
3.647132425171426551e-01
-1.366371500096026370e-01
2.548438806232651843e-01
3.014827683453241702e-01
-8.075478770292187081e-01
4.593107713024714989e-01
3.652750746932512671e-01
-4.370061081206887410e-01
-5.791898096378247374e-01
-2.596061759150641302e-01
3.082522772199545180e-01
3.482343692723112727e-01
-7.412428814981739666e-01
3.565796468790861651e-01
-6.320382267803963394e-01
-5.452541034418088017e-01
-2.764867878217436292e-01
3.006757198659010255e-01
3.586648517191580732e-01
-2.187912814360145897e-01
3.665298870246551655e-01
5.853844145997822990e-01
5.951150730538450340e-01
-1.786246201265610511e-01
5.703257375645548466e-01
4.291274800261059563e-01
3.339589978060554798e-01
-4.747442743848468427e-01
5.173133206810484053e-01
-6.497451046778265349e-01
-3.215169322924310569e-01
3.850591879848095367e-01
3.112328664795246946e-01
3.081418478412238371e-01
-4.536684219144273000e-01
-7.743652280090647100e-01
-4.577861062366017642e-01
-4.956736328766954691e-01
4.346854632201466173e-01
-3.111084559404592720e-01
4.443086018063595044e-01
-6.553886967768329797e-01
4.159547287975992047e-01
5.721649320474515577e-01
6.058734945331719635e-01
-9.192970510881919299e-01
-8.163991445748438602e-01
3.688325629969102515e-01
-5.704904287713820077e-01
-4.601435652343697780e-01
-2.238157578357217459e-01
1.967989023999736353e-01
-6.251884478810347812e-01
-3.288814514235812170e-01
-5.550079859977138375e-01
-4.622161704590569964e-01
4.527425882994658424e-01
-1.716425918036683929e-01
-8.932166373794414582e-01
6.229556370086777317e-01
-8.354437925964596223e-01
4.954055313959331297e-01
2.867830789414752002e-01
-7.938775834401268217e-01
-5.280573567428793469e-01
4.445022297862983307e-01
3.414778676542810643e-01
4.301214593313062995e-01
3.516626803527637679e-01
-3.397031076375010006e-01
2.741792542860302384e-01
-6.725375993028013255e-01
-5.999286839397774962e-01
5.360230781460617600e-01
4.269672020530242973e-01
-4.826426505752267060e-01
-7.350208980603555320e-01
3.874656732178254348e-01
-7.361054400999101910e-01
-8.268023921659077846e-01
4.451455811943974550e-01
-5.505896153296703233e-01
-2.947205361004636703e-01
4.722276407383667052e-01
3.527189744464655496e-01
-4.174281932138016460e-01
3.685732381616916298e-01
-4.935963279628286515e-01
-4.861237602475996233e-01
-4.392753320245580961e-01
-2.917158345510240669e-01
3.424766639845616134e-01
3.861812065584798725e-01
2.682659817775470135e-01
2.095203409417588647e-01
3.876924527401446330e-01
3.369125350934110696e-01
-6.216835402912305186e-01
-4.518459312205250766e-01
-6.142332805802903639e-01
3.059054428825531691e-01
-7.735074108859580910e-01
4.243802745853285097e-01
-7.925272419698647930e-01
-1.579750661385082577e-01
-5.935095257161669968e-01
2.249036045498468139e-01
3.258166482846902579e-01
3.318917623788581461e-01
5.421908750178994207e-01
5.907521009612188845e-01
-4.424044297063705611e-01
3.856773739527492584e-01
3.638211736579016198e-01
4.112280576496045725e-01
3.486887171816942521e-01
-3.890512498283337228e-01
-4.783834999593492010e-01
3.065912917461206533e-01
4.595045496110589656e-01
-5.666539212275324422e-01
-5.333637378819664487e-01
-4.429840514303265975e-01
6.851605091901850075e-01
2.173827739113637358e-01
-7.306394489897153344e-01
-4.160460796965063102e-01
3.983599838534661042e-01
-5.813747464838819878e-01
4.183783477292447595e-01
-3.935155059666665678e-01
3.094947281020376528e-01
-4.574339270201609464e-01
-2.737923334371508699e-01
-5.571123002031544980e-01
2.504162475622866979e-01
2.416808485942278928e-01
-9.704426956798652970e-01
2.271670836416721517e-01
3.890094204530335498e-01
-5.125682794653471097e-01
6.159322250404031251e-01
4.276052334067941274e-01
-4.958807197557641988e-01
3.694630858956942654e-01
-7.777302491750850422e-01
-8.695167833999395413e-01
-6.767363814964207913e-01
-7.201194458552813149e-01
4.215464085711875253e-01
2.989453573037230139e-01
-4.664973701741093048e-01
3.973347074180972327e-01
3.058553255857752728e-01
5.911850282699191439e-01
4.479920071741272380e-01
3.404710459742342765e-01
-7.628038021554389703e-01
-3.463945112295825357e-01
-5.062232109940154601e-01
2.955828102748075947e-01
4.085921364354587748e-01
2.044714749259323172e-01
3.080174680567603906e-01
5.845138863476694313e-01
-4.459151045126062973e-01
2.298943940627369009e-01
3.169687752973584516e-01
-4.271300061919227065e-01
-5.564954400817719860e-01
-2.634295743267076606e-01
5.350326863523738874e-01
5.763994782390923222e-01
3.441132374396435600e-01
-4.705994030047465082e-01
3.047488786893599033e-01
5.406560663842908676e-01
4.143191900490965640e-01
4.204590873274598462e-01
-3.991179599533914435e-01
-3.357343644606421429e-01
2.571835814240293061e-01
-9.722724697267381977e-01
4.383722129500823295e-01
-6.180026462210111982e-01
-8.620521051013075864e-01
4.552589015814555440e-01
-4.972148964686026740e-01
-5.924045808061356722e-01
3.541116431676673559e-01
-8.649974888969029774e-01
5.054860972125183594e-01
1.351655723142032584e-01
-7.120834433959487564e-01
-4.146324095759024719e-01
-4.652272931454380367e-01
3.728084772850807083e-01
-8.202979651937323258e-01
4.699567534646460487e-01
3.480886200865012103e-01
3.422136324795756468e-01
-4.761905262690596663e-01
-4.882240247092376473e-01
-9.181247925379789621e-01
-6.241349529386513995e-01
4.684811983286724102e-01
-4.568347873124466996e-01
-5.302017491425704554e-01
3.463411393963164997e-01
-4.963496746331919618e-01
-6.090320580277063245e-01
4.197500130088362424e-01
-4.591162785454538930e-01
-4.967002446787795455e-01
4.416339720638900457e-01
1.560041212732160010e-01
-4.477523515910495910e-01
-7.052353417190170282e-01
-2.920956405986536164e-01
4.038677077596229403e-01
-6.269464741524248819e-01
-3.724943011606124399e-01
-4.522502780841935466e-01
-5.823342103254632862e-01
5.047546309912149809e-01
2.786063947653675821e-01
5.620133128217402740e-01
-3.248724803341652700e-01
-7.133288373043140673e-01
5.190709547822951464e-01
-4.524588278923517004e-01
4.387654685328690185e-01
5.321447202889505457e-01
4.721420797927057267e-01
4.658239239810250676e-01
-6.065786131040766804e-01
-6.745061708206937512e-01
3.189840833015161192e-01
-6.256625789817018557e-01
3.223968723990124907e-01
2.396283911751161122e-01
-4.217655041180849440e-01
5.269750266222208435e-01
3.032246377786160241e-01
5.519493658666371205e-01
-7.945486397950763946e-01
4.999523027316675194e-01
-3.931610621639985981e-01
-4.150759320443003220e-01
3.322402977104627619e-01
4.515302518996868186e-01
-4.609047635102286322e-01
2.146828348323263913e-01
-2.455993405325195833e-01
-6.914580364852593863e-01
-5.400330257672618650e-01
2.839274377945132932e-01
-2.728678799704106761e-01
-5.653758320588534447e-01
5.848582806480192575e-01
4.662727961823959766e-01
4.524826837312192485e-01
-6.585904307262362423e-01
-6.096025973409894272e-01
-3.966651323449674194e-01
-6.419252115446680840e-01
-6.071458663117410559e-01
-2.958265147177668308e-01
2.281472761258015736e-01
4.195627856855703719e-01
2.741278549467344172e-01
4.929766711330487716e-01
2.706061087653003350e-01
-7.999186205717154774e-01
-6.439105716819940595e-01
-7.091874623487424145e-01
2.513004240775169595e-01
-3.772616340031524351e-01
1.586724801027765419e-01
4.583741416722873496e-01
2.789271982870475397e-01
-7.940733186630087870e-01
-7.802633788381114766e-01
-1.656209935298781633e-01
4.222538250304626595e-01
3.398246676663306820e-01
3.982781004891426946e-01
-6.307131762817074216e-01
-6.249065100514699100e-01
5.060383250474631556e-01
3.335691926765161353e-01
-4.221576176511506184e-01
4.646769482160146847e-01
4.940721531865211458e-01
-7.803983414807039720e-01
5.237694429620314285e-01
3.581581672559611129e-01
3.925048729907067990e-01
5.779588506753081667e-01
-2.533515961799014393e-01
4.902035849688142211e-01
4.725818858995666227e-01
2.817281423910286131e-01
3.677965898156708713e-01
-5.322585633592530341e-01
6.064031418381531369e-01
2.788925061060690269e-01
-6.175918618592118881e-01
-2.474687229127354726e-01
3.896383044104257953e-01
2.939387245074465693e-01
-5.713535104154596755e-01
-1.995080579465563220e-01
-4.585758081436877021e-01
2.499053500487812551e-01
5.498732865917336232e-01
4.098966369472547000e-01
-2.652300237209178069e-01
5.330960433630055340e-01
5.327146945659601007e-01
3.785873603536050735e-01
-4.786960895225575441e-01
-7.485008356028767240e-01
3.615967003986854666e-01
3.724937815675083974e-01
-4.279422735370115305e-01
4.177770200805173140e-01
-3.332776556645660193e-01
3.339832037128644404e-01
1.710432946868609416e-01
3.281860866947924338e-01
3.710152562125502707e-01
4.791024646145672361e-01
-4.426439035276366063e-01
-3.629587723862948700e-01
-3.677488255031329256e-01
-2.756862930160088321e-01
5.304264043561781605e-01
-4.922113565222224207e-01
-4.456055179682553158e-01
3.712216552804954439e-01
3.553289848403571871e-01
3.811196554399563508e-01
4.866570603127358119e-01
2.818413033752657504e-01
3.674890148284781222e-01
-9.061633367096402214e-01
1.055883844564323853e-01
-4.891517716501985191e-01
-3.800154138727029340e-01
-3.725740046801176431e-01
-2.910385846114026398e-01
2.551968590438771223e-01
-8.761933638427891191e-01
-5.563241156365608120e-01
-4.842035665345623130e-01
-4.801791468622610970e-01
-4.319627249015188242e-01
-7.688953015405224356e-01
5.390191976291620612e-01
-6.750316725451712685e-01
3.800203040036707614e-01
5.947993973132666978e-01
3.431674286967487109e-01
-4.519881324371134990e-01
-4.969221180793753079e-01
5.307630527860450753e-01
-5.941951703738584945e-01
4.803151248329336487e-01
4.185668784178185331e-01
3.269067967612618864e-01
-3.619877305088632369e-01
6.155963544972802293e-01
3.904977791660309561e-01
-2.586540142023515676e-01
-7.046454444608184486e-01
-1.080629092223120841e-01
1.895772941487627317e-01
-6.559009947922506134e-01
3.987938206629789151e-01
