6.815422386847466152e-01
2.398570018355548061e-01
4.334916077616912111e-01
3.977637133522850532e-01
7.250048484276160332e-01
4.042565943304172182e-01
7.613774281957855772e-01
3.533572259888497769e-01
5.223054451467582515e-01
1.967288336876051036e-01
4.840367644246894030e-01
7.503496716157593838e-01
7.294977505327905343e-01
6.290079543286346553e-01
6.251580497796325186e-01
3.636992079622992091e-01
7.319443610559083213e-01
5.884442779943308555e-01
6.994049495088550117e-01
3.619978793957706054e-01
5.954528785841053384e-01
3.712369839983299946e-01
4.769119350034456417e-01
4.459187619689668480e-01
5.498149413729093160e-01
2.573319561754460749e-01
4.142813452231530746e-01
6.531562333896747674e-01
4.700586829842639536e-01
5.869499314512204302e-01
3.983125233430855339e-01
3.795419542251649569e-01
3.044383722108887080e-01
5.550419295101792772e-01
5.339823836018806613e-01
4.330401622897502301e-01
5.339655510918893677e-01
6.692229008558779890e-01
5.247284158391882780e-01
7.106371588442007559e-01
4.130324759486312947e-01
5.328081885089929193e-01
3.587206426827400652e-01
3.872741622403666484e-01
7.116977898914825795e-01
6.454530401034921372e-01
4.211342276524344119e-01
6.480314140359236807e-01
4.723155483683229572e-01
5.941759807849413821e-01
6.510205104960650191e-01
5.574971099610815939e-01
3.884813264458670257e-01
5.986560971862515679e-01
6.673543712735471312e-01
6.759867935197413358e-01
6.969653176204593237e-01
3.424160821228605101e-01
4.404378460626798275e-01
7.529868382148343642e-01
6.443437908470708297e-01
5.703085938305852975e-01
3.578404984326388760e-01
6.046860372386602123e-01
2.503974526863675387e-01
4.711032738791318675e-01
7.538941994275246694e-01
5.208541379356369516e-01
2.658679259092375236e-01
4.570107070722794762e-01
3.290957799679908313e-01
6.546240332695855146e-01
7.082189261323903473e-01
3.708199821102364235e-01
3.092244269335739926e-01
5.942005902281644047e-01
4.767427666222788241e-01
6.274097613000791940e-01
5.053078949761398153e-01
6.998755636478141140e-01
5.295893161345303080e-01
7.887647360187292067e-01
4.629447457889372952e-01
6.713665791756470158e-01
3.143334880872286075e-01
2.607313636375107602e-01
6.359386609806536583e-01
7.095615050189013617e-01
2.852876057402398691e-01
4.059106853931899739e-01
6.435525803104574782e-01
3.424750187441445437e-01
5.976768896766599948e-01
7.145384262386654806e-01
7.533533276038365534e-01
4.455694114962858721e-01
5.001563440526762827e-01
6.715638000855995715e-01
7.551889558683807513e-01
4.644647634884850884e-01
3.124251700942150545e-01
6.576741505542360589e-01
6.982719187935959582e-01
7.396748207964267685e-01
6.615723298150594234e-01
5.954183684413031363e-01
6.087453048597176730e-01
7.851384829575338564e-01
3.529326462215238713e-01
7.308499137440030990e-01
5.144564071364429170e-01
4.580173365907609928e-01
5.859598865732392747e-01
5.980352300612110650e-01
6.413109663027057872e-01
7.803291871038795513e-01
3.572825950295430708e-01
3.068226109215234088e-01
7.608569037756152120e-01
4.148492969404869446e-01
7.531546895498285599e-01
7.187510177272176115e-01
2.171449006867847975e-01
4.989985825808720410e-01
3.157852702032689085e-01
5.621058745297756731e-01
6.108825843591505489e-01
2.586201922062543179e-01
2.889048928700551078e-01
5.005642331982178561e-01
7.388300016196663877e-01
7.605739104504762871e-01
3.169875329390589025e-01
5.319976567423826408e-01
5.309711045729957890e-01
2.993925300373332377e-01
3.084869176971830051e-01
3.453816587594166765e-01
3.623884847307899393e-01
5.524035228816031040e-01
3.489785084246778690e-01
4.548102204533188697e-01
5.448557365276170961e-01
5.005192909679178070e-01
2.455071756318748799e-01
6.875903094927587889e-01
6.783874955461257628e-01
6.895653711336354741e-01
3.246345515284804195e-01
2.975413968654597174e-01
4.371110997193031200e-01
6.510152512179695483e-01
6.533828099429316305e-01
4.000782342738451458e-01
2.556887670427642201e-01
7.361590508413694556e-01
7.124512095257685695e-01
5.131243825813454063e-01
5.200624660841312030e-01
3.454260311407272854e-01
3.872027484389301555e-01
3.201172852807009361e-01
3.662598485897445300e-01
4.765959375367929685e-01
6.811688878061845642e-01
6.967072508651087626e-01
6.189549192340992878e-01
7.721961668128810574e-01
5.388213189670582048e-01
3.553947425093830215e-01
4.082476196714259209e-01
2.223613708043519488e-01
7.062217499843552737e-01
7.433832541640396085e-01
5.318154882185364141e-01
5.547685549013361417e-01
4.628075051805222162e-01
7.709103483276766866e-01
5.424117260591613254e-01
7.266306460040015125e-01
7.808127603232014602e-01
7.177453952934187420e-01
7.186436856354974090e-01
5.901917355987984504e-01
3.131976167656287946e-01
6.364614751255688319e-01
3.023082096000497265e-01
7.209650456540789287e-01
4.555143811432836309e-01
5.935034767469350436e-01
4.425296609542606618e-01
6.655454115051878672e-01
3.940083241959502214e-01
6.645711256634629915e-01
6.665459547370219395e-01
3.121998810613675901e-01
4.690058610163708175e-01
7.310274475496223445e-01
6.382655502069779496e-01
4.717566162811974717e-01
4.299229692180819296e-01
3.716614244054057825e-01
6.920829273400439519e-01
6.429959174294261892e-01
6.969933742049049252e-01
4.884276018201814118e-01
4.784806052631409568e-01
4.452261767874994836e-01
7.372399904143766003e-01
7.140562194707412713e-01
7.065665944530540310e-01
2.609588985998210764e-01
7.725911746294974458e-01
4.463925547783649805e-01
6.451153912108423816e-01
6.617205065356486227e-01
3.328694314113129771e-01
4.521850562849167865e-01
7.164024202685249643e-01
3.733763495479063832e-01
5.702291971153338190e-01
4.759151973104860378e-01
3.213975064029694351e-01
6.991336231427435211e-01
6.275500341727551223e-01
5.573550114099853348e-01
7.476346473303351337e-01
4.902754820428680826e-01
6.974473620009282726e-01
6.499016267021784365e-01
7.633843968737984431e-01
5.016802140099062557e-01
6.260479889735864889e-01
3.422812579336932948e-01
6.567868818700168809e-01
2.653541099013002058e-01
6.046398818332949787e-01
2.728971321721069265e-01
3.801096791122673402e-01
5.258979470014472080e-01
3.976191503620676304e-01
3.771386829295688137e-01
3.230971756178248611e-01
3.010446395587609847e-01
7.179323063972492536e-01
3.635310734749351291e-01
3.901123192075348078e-01
2.792326946811978794e-01
5.632814591450912012e-01
7.055202508267187644e-01
4.031319563483122814e-01
4.532906432300212729e-01
5.653804971770090004e-01
2.939392037108318756e-01
7.179879764876843096e-01
7.200223538274062030e-01
4.135541841666466323e-01
6.861771444360099670e-01
4.776057761141219715e-01
4.057590299365256281e-01
5.554873046313507645e-01
6.566638677387519607e-01
4.987756785166712614e-01
6.305651763648350006e-01
3.659479484032075458e-01
6.033386244454753689e-01
5.956791090380254561e-01
7.675847969769847845e-01
7.030202718515271565e-01
3.804005299670867313e-01
6.700268492831643607e-01
7.004522622033714230e-01
6.203061446680012692e-01
5.066502445240596009e-01
3.028450578912528224e-01
3.061907036211584110e-01
3.332564859503037158e-01
4.195101622028474808e-01
3.607692364194261536e-01
7.222078988612824491e-01
2.816284981907409279e-01
3.851441589206245353e-01
5.312762963702257757e-01
6.391067411313977598e-01
6.975608708580257611e-01
7.957769346167927749e-01
5.111930458707286684e-01
5.891198393036923830e-01
4.357560766793833751e-01
3.893436664768419875e-01
2.307767291147586608e-01
4.368002753506465830e-01
7.347729350166211093e-01
4.601782453200287115e-01
6.931678019106263244e-01
3.581283775798045910e-01
6.930741552649686277e-01
7.781113730564891418e-01
3.775850377731752583e-01
3.981391882217523714e-01
4.282583440350307691e-01
7.113574450937040217e-01
3.555208754124128401e-01
7.155312111506445527e-01
4.377137243919060894e-01
7.710060703690720940e-01
4.061017112565167841e-01
2.874660880815815278e-01
6.301863247384398292e-01
3.255540245270430177e-01
7.328466676779376021e-01
3.996036656603689230e-01
7.679931828057652288e-01
7.170505560962304736e-01
6.933771126424885800e-01
5.739497734655170103e-01
6.595153171301111339e-01
5.023916588820322993e-01
4.553865911133843647e-01
3.168521348929290160e-01
6.107573065383914424e-01
3.660903326498985977e-01
4.693934666013512280e-01
6.037868223435539639e-01
3.196162766052583204e-01
5.176335976252043336e-01
6.873216422673876780e-01
4.233948119431633628e-01
4.791721590538270958e-01
7.340782844183048050e-01
3.091499637367288167e-01
4.353870043356907193e-01
5.323459783609508778e-01
7.885290527087421841e-01
4.932511335258014662e-01
7.645764066240929857e-01
4.970812305810072274e-01
3.790417259963210217e-01
4.374976119689850673e-01
4.863026858541601993e-01
6.989496240528958459e-01
4.572974122986337431e-01
7.329966052413112720e-01
4.420350928433038340e-01
2.429122435902632271e-01
6.641961031088056133e-01
6.052922477481141872e-01
6.412628254480520207e-01
6.818447337695805466e-01
7.628723672618056284e-01
4.118031017970504859e-01
2.527357203858984769e-01
3.828107264626030570e-01
4.381802884435697654e-01
4.565958926945402063e-01
3.811239487867364439e-01
4.535595874663906901e-01
5.755927370027186241e-01
2.854552739162048991e-01
3.925840311842412889e-01
7.247618069432539833e-01
5.410434275822951777e-01
4.154061721830824561e-01
5.746596861709590831e-01
4.020100534297997297e-01
5.354367508637262185e-01
6.248465193287733310e-01
4.690902687168400642e-01
3.059691025870223680e-01
7.684717083822469874e-01
3.411073905351497682e-01
2.572432594241755299e-01
5.256822596805222902e-01
7.569960380621981733e-01
5.837338127846202207e-01
5.762935148668177909e-01
5.726653209047098958e-01
4.309914131104592983e-01
7.292282709262362106e-01
6.038130848648790572e-01
3.599217532268143560e-01
6.564781817638831729e-01
6.602976871902511702e-01
6.034447693976362492e-01
3.283732119317195330e-01
3.121166757394835400e-01
5.556504592019916311e-01
5.184737228390888797e-01
6.053529613736654547e-01
6.788415223883870198e-01
5.166621022937801788e-01
6.574558288975682618e-01
6.519927950504946779e-01
5.254044089808954654e-01
3.402434465816424614e-01
7.646825762615460098e-01
7.791582114746168353e-01
4.470242789119964755e-01
5.245534138010875536e-01
6.859882865349837822e-01
3.458615658053357245e-01
4.970270567588643829e-01
7.810363680322208735e-01
6.734458102987357364e-01
6.438843447372016859e-01
3.403680590430521735e-01
6.849927369137618349e-01
6.998675401385273664e-01
5.856423982448458743e-01
7.337961538729343980e-01
6.649937450097888059e-01
2.451247629126530603e-01
4.286822778640637654e-01
7.488756158220969406e-01
7.323988446525183660e-01
2.902267078085592478e-01
6.463757574553049556e-01
7.212259000009758614e-01
4.031919891494237240e-01
3.897319460494393373e-01
5.793709736658547715e-01
4.013634115754233789e-01
6.444404827250977963e-01
6.945246219526817200e-01
2.833194919357281960e-01
5.560851948283370705e-01
5.291165002211650759e-01
4.899104917424129124e-01
5.524588720966338018e-01
7.268452750817627761e-01
5.456863492534201887e-01
7.438988070231943306e-01
3.146373224803665214e-01
2.331486225224348730e-01
2.624528758338092183e-01
4.760224196332739077e-01
7.472908954062204012e-01
4.968347188927511593e-01
6.184554623004058227e-01
6.829057036480042919e-01
7.184081395834939210e-01
3.295899181623438423e-01
6.278674214555034494e-01
6.511718037299613071e-01
4.871053858626973043e-01
6.373692028560082878e-01
5.129202852565095672e-01
7.301277470863049013e-01
6.443845796568662410e-01
2.973521107017745302e-01
7.172883647907543070e-01
2.927875769474575507e-01
6.174659854484420007e-01
2.563090939874454466e-01
5.752795415135761870e-01
4.855872325044081617e-01
3.892475568242112494e-01
4.066498527246598105e-01
4.496082459371466000e-01
5.356787421431737917e-01
5.694792074286562089e-01
7.055169650255906921e-01
5.771461122063025195e-01
5.755450028478260593e-01
3.244347717026534461e-01
3.278507774683576681e-01
4.812972080678135089e-01
6.755224425314853010e-01
5.872503704680394065e-01
7.680393782255459101e-01
6.939714392384094266e-01
7.143341123082959099e-01
5.365695453426474471e-01
4.690559175159916272e-01
5.719936817308406418e-01
6.133088184936906773e-01
4.328111496670863922e-01
3.938191830576817654e-01
6.114566468442687031e-01
7.679229326439217518e-01
6.237553993308092570e-01
5.908076084015877472e-01
4.225303181394310936e-01
6.419276832692398793e-01
7.131436131367868692e-01
4.799822950693861112e-01
7.196548942602719601e-01
6.057403139303402240e-01
7.228037079581294266e-01
7.020191729083777865e-01
7.253045241615473371e-01
4.456725998857065663e-01
4.234854540590131111e-01
3.118610152084702603e-01
3.099340615742627869e-01
3.055332060145568573e-01
6.125240278399655125e-01
3.328930311300762335e-01
4.611267903923385592e-01
7.532034298430153596e-01
4.320432930073040967e-01
5.522435720024351236e-01
6.114261247744647854e-01
5.652282052400153800e-01
3.416612289670861724e-01
5.279459706635510896e-01
7.242299649208517875e-01
6.831659435160554183e-01
6.849761727166989722e-01
3.003798032310686095e-01
4.420730939756487010e-01
5.002908678155336686e-01
5.690530570582725822e-01
3.751172946233782834e-01
4.301696155655416742e-01
5.685720239197978865e-01
2.858089706536863228e-01
5.028365410157130677e-01
3.462955615879816929e-01
7.082224777620634848e-01
4.867491449034939688e-01
5.703612454926328956e-01
6.105525810694593103e-01
4.792892510683446905e-01
5.222028096753117410e-01
7.712588005354276133e-01
6.869706891874244326e-01
7.316209890102588487e-01
2.690779682561603714e-01
6.703058112673465629e-01
5.070940716903256096e-01
4.986231463474674608e-01
6.196409846702531921e-01
2.373386928739073254e-01
4.017553437900653335e-01
6.110854476270483060e-01
7.398185823589379373e-01
3.807227544288873666e-01
7.388311536584261097e-01
6.235012739211643895e-01
6.546606050437783209e-01
7.319109376440872117e-01
5.470751876341884978e-01
2.749034313357220927e-01
2.683821065367624770e-01
5.889778600058297453e-01
7.006173090005926030e-01
5.297933933037245469e-01
5.198916158282987920e-01
5.243658737901689681e-01
2.901640251554155614e-01
6.462280936580427904e-01
3.439666862191590457e-01
4.228867823137559268e-01
7.518226393853896239e-01
7.120606639720459263e-01
5.158791144915708671e-01
7.081885291441977204e-01
4.665061983398520185e-01
3.187653440985513398e-01
6.385175634571720327e-01
2.345800593774767517e-01
4.449266117828836187e-01
3.827242798637300880e-01
5.805102948123598283e-01
6.222008950042182684e-01
7.207903510723085994e-01
7.513294575961979582e-01
5.412029606995757414e-01
3.051036321242496796e-01
7.967456522514951844e-01
5.004506197530637079e-01
2.700714949083688476e-01
3.893132688748695003e-01
2.707265497249590758e-01
4.950760794436022683e-01
5.386282046271289037e-01
7.211587408343501648e-01
7.423038735448410641e-01
4.997217560924800961e-01
5.687919549241797768e-01
7.691997572387698767e-01
6.762929617518683711e-01
4.800488145216415536e-01
3.225400841587651168e-01
3.194198446720913354e-01
6.539601767916197739e-01
6.810596656717534669e-01
7.389364759854283315e-01
6.628256128317681073e-01
5.942170539250386518e-01
3.360342810823091497e-01
5.085187756771663015e-01
6.755834609446919048e-01
6.359825589721097572e-01
4.156748028329924072e-01
3.831166624474099947e-01
7.567908658844517689e-01
3.574730513416259914e-01
4.344417617839435586e-01
7.542922054883031135e-01
6.554701526972342984e-01
4.137027046386905771e-01
5.480116130487592274e-01
7.415074314316131288e-01
2.559962448538357638e-01
4.274886099017898844e-01
7.687153256268905999e-01
7.165444361795101358e-01
3.076877485690201475e-01
2.727542604114359670e-01
5.880153659455403803e-01
2.624190561457316884e-01
6.939587567949319080e-01
5.395038131375139434e-01
2.639496084696565936e-01
4.788277888734812637e-01
6.385339332024002612e-01
7.090894719744252894e-01
7.386573761402904781e-01
5.245312008901028555e-01
4.816698556043226831e-01
3.479801604090135281e-01
3.864570088505330236e-01
7.241229801628699114e-01
3.569361280886000354e-01
6.643593762222214094e-01
4.992510848103863252e-01
7.431395208129186747e-01
4.452102430588689153e-01
4.750350605815769067e-01
7.795504632937589884e-01
7.739822457421633439e-01
2.670671278962523099e-01
6.424428279887199889e-01
6.426281341927440049e-01
3.763569601721872826e-01
6.934017395339591161e-01
6.443999840632520515e-01
7.162010547967331275e-01
3.628793387289012684e-01
5.660392643697317316e-01
3.587007785059736498e-01
7.263246410536736697e-01
4.024976672618635898e-01
6.581598740064144026e-01
5.401133072681582048e-01
6.793731363716625227e-01
5.915463657650463780e-01
3.762642424626241877e-01
6.453503935441490258e-01
3.291625792475408319e-01
6.387580824162660820e-01
5.318872414642420443e-01
4.200551078780117575e-01
6.123685531440171692e-01
3.667892525309582319e-01
6.538238669124821767e-01
3.235461341118777701e-01
3.594830799185328440e-01
6.216186896952992091e-01
4.709124831693833335e-01
4.284080985930402985e-01
6.616732088653324295e-01
7.658621615627886348e-01
7.610354980386525581e-01
4.377176181596936222e-01
2.956904739076135491e-01
3.384040481472883055e-01
7.175885657186856781e-01
6.495375450915717996e-01
4.402292462581570143e-01
6.072588955323329207e-01
8.023466315703547957e-01
6.523365762782428190e-01
6.441225451624291720e-01
5.171855707167735128e-01
3.918761078237342210e-01
7.417983943445967121e-01
7.815897152658500824e-01
7.251043367561044173e-01
7.325275351116043998e-01
3.912939144598506225e-01
6.632427754039077472e-01
6.823828250740621160e-01
6.100918116188928098e-01
4.068864681167105313e-01
7.044418940790064809e-01
6.678730582918518399e-01
7.529391497863393568e-01
3.295035879934145595e-01
6.232894145999834379e-01
6.473677813742008125e-01
4.612590694407411873e-01
3.660202077582571101e-01
3.257985417056729616e-01
6.938714883145594703e-01
5.279223564885709985e-01
7.399618059088881594e-01
7.302334251170137236e-01
7.613124692908382896e-01
4.804099705160194134e-01
2.479392582069455397e-01
2.924454287775268280e-01
4.002184585514677040e-01
5.286040656609714006e-01
3.513703026978339250e-01
6.351310738121017652e-01
7.137852150918586602e-01
2.618012704958423975e-01
3.838949663554305225e-01
5.779347432415921082e-01
3.841048932928698423e-01
7.051265042934383720e-01
5.503761453070958876e-01
5.321348850885329052e-01
6.691549181810957370e-01
4.392208227408780918e-01
4.900481129465549812e-01
6.720766416550231215e-01
6.274554945178266729e-01
7.479495469153381038e-01
7.665359504278833613e-01
2.950411934443102902e-01
6.628783732703484866e-01
5.197851391117148667e-01
5.522028848543206747e-01
3.988803795373290217e-01
7.000433393850914454e-01
4.645506481469816595e-01
6.886899340280919768e-01
5.686691224984882220e-01
4.471755547763969774e-01
3.605723711357202710e-01
4.094238174609133307e-01
3.523266724386888704e-01
7.206293619211833201e-01
5.464405275840685805e-01
4.781029551819000467e-01
2.435089284739646864e-01
3.566613163273186227e-01
3.159312368942190363e-01
5.878518793722945501e-01
6.652651990213485078e-01
5.573186258333538978e-01
7.437268235366275571e-01
4.099592194147206325e-01
3.492089670302100379e-01
2.932662255812668595e-01
6.548539209198345201e-01
6.448334488272996490e-01
6.579559170966485793e-01
7.893984394367765667e-01
7.663321478144888843e-01
3.996333779836736544e-01
8.058091244175069612e-01
6.224094875683633399e-01
5.984991925783574862e-01
6.747871512886910450e-01
5.425746594078274532e-01
7.381251120376607355e-01
4.637845723492368122e-01
3.318261991350738849e-01
3.463271912392992813e-01
7.891765605511728010e-01
2.924989931765771822e-01
5.549764198177743468e-01
3.210576500199228689e-01
2.639966676257726186e-01
3.511361721228416499e-01
6.098972564180554778e-01
4.947480265311175462e-01
3.635824431012377733e-01
4.932988364408313342e-01
3.187387355809604972e-01
5.440860537219989190e-01
4.170646767099610575e-01
5.369350719167135244e-01
3.494665518904309098e-01
3.835819019276980879e-01
6.027000322476180338e-01
6.651768017562488255e-01
7.150976827248910483e-01
3.942028377196479805e-01
7.063994762061485133e-01
4.911323602599599325e-01
6.975125833554809418e-01
7.406678611155994574e-01
6.086770437825144153e-01
2.863071947351645274e-01
6.888670610336357081e-01
7.648869992901868864e-01
7.456106730724737508e-01
4.208371063893889263e-01
5.251234367772905642e-01
4.657342152404215785e-01
7.913711700180200426e-01
7.612321568462004917e-01
3.916639760825711414e-01
7.165113032351319022e-01
7.355054885427096956e-01
3.599791053939473962e-01
6.703333084092485405e-01
5.862460091154664266e-01
2.989815149201276445e-01
2.732718101165066416e-01
6.607261868121837578e-01
2.983248089373657375e-01
7.122824164690079174e-01
5.697925412846879256e-01
6.740478449131203087e-01
6.599302288411231787e-01
3.189018236083001612e-01
7.401378354437725404e-01
2.936853334098560864e-01
6.066532784029630143e-01
4.632359767445635712e-01
7.307798734325205992e-01
4.173531028824686850e-01
7.536501851393314633e-01
7.180855150678403520e-01
7.496035761350717808e-01
4.851601154507945712e-01
3.362832581502637752e-01
4.038446240797496922e-01
6.046929373463453272e-01
4.951485210825057326e-01
6.799776217284790869e-01
3.209200350342624186e-01
3.889069858771454502e-01
5.224601356230841320e-01
4.247068195016545644e-01
3.544712135231992689e-01
6.062562012052522542e-01
6.379547828404806831e-01
2.941691410950619812e-01
2.572677665278168546e-01
4.835718262523876487e-01
5.975429583175931869e-01
2.933078501579816089e-01
4.934505439956459738e-01
2.915427863810753362e-01
3.565437305272160518e-01
6.854756359772619101e-01
4.285839365804677836e-01
4.258821316848165339e-01
5.379169521654681985e-01
7.767687096405720970e-01
2.619836932140652275e-01
7.235234603234422801e-01
5.675769844553112398e-01
3.222727450616664213e-01
4.141761318342340181e-01
3.316031766460302288e-01
7.572650418961820451e-01
4.083311147485637616e-01
3.780545294950233282e-01
4.285448765812978067e-01
4.938586476906323131e-01
4.983795637204318507e-01
7.270466882924706553e-01
4.563613781845625716e-01
4.465647330871437837e-01
2.656474152823670720e-01
6.492521849602691519e-01
7.128392245829181517e-01
7.087667606183206681e-01
7.460707675179879539e-01
7.203755380207285119e-01
7.499880546267970738e-01
5.092043445377477662e-01
6.539119672157148733e-01
6.848732734972493574e-01
4.483969074771482766e-01
6.252476356409887304e-01
5.723097929746531198e-01
6.041807001698965562e-01
3.206144678023947203e-01
5.842513914689272392e-01
3.809988165380862601e-01
6.178738339724660911e-01
4.622212552259168383e-01
5.007483722754572097e-01
7.232505491826236588e-01
5.903199774671085143e-01
6.348712106036704661e-01
6.793518875530226708e-01
3.154132788852385127e-01
2.976747934882970070e-01
3.721538830904454476e-01
5.975672429817958653e-01
5.306030475065791618e-01
4.713813094275987048e-01
7.569815109429557376e-01
4.095599779786596173e-01
7.325426367906712199e-01
6.847404653619818538e-01
6.140036638510101286e-01
3.939699418430930855e-01
5.939079102227039497e-01
6.488489819408266301e-01
6.718223790206935275e-01
6.089878330121448746e-01
7.863280212518737322e-01
6.261478775831683663e-01
5.128955357625611944e-01
4.766149485715807099e-01
6.941147140717944808e-01
5.120490081578850106e-01
3.722778981044820856e-01
5.277443542705385626e-01
4.565068886393823799e-01
4.855957017666475140e-01
5.741235881246364858e-01
7.851914379491314877e-01
4.036558807893034229e-01
4.692758978738125197e-01
7.620192676405145304e-01
4.547572495974643303e-01
3.096144484127683616e-01
4.439139983628273001e-01
4.186462132471179820e-01
6.095944492240157331e-01
6.168339579633536074e-01
7.393749647600391661e-01
5.813528422019403896e-01
5.636360593614802017e-01
3.002388086741509254e-01
4.539543491293165922e-01
4.077193573078692346e-01
3.432188677946599875e-01
5.631548379150289607e-01
7.012274118211272445e-01
5.870822058085650719e-01
5.215787653879323527e-01
3.325272167714268812e-01
6.701001165146980298e-01
6.945478060535706932e-01
5.526040627904610369e-01
4.141113761030902896e-01
5.631171724936172573e-01
7.713210713010592023e-01
3.829527569941109100e-01
6.057762773139562240e-01
5.959667798775981629e-01
3.711535656574784237e-01
6.844074311409774625e-01
7.086853176882953464e-01
7.410572825219854387e-01
4.947894429717156206e-01
6.188797953774028970e-01
3.595746811892985839e-01
4.429063148049943721e-01
4.626020212470183801e-01
5.240795615153445164e-01
6.021663075373490104e-01
4.491836208751970871e-01
7.185159639825505762e-01
3.794576231789090759e-01
7.003136605909124901e-01
3.134209569743477419e-01
5.471632532662809023e-01
4.886837652880139937e-01
6.962203135311130220e-01
7.281036264651555845e-01
7.352413241406666744e-01
6.865290806809029034e-01
7.331257148733075768e-01
3.585229470229628901e-01
4.705796668724935850e-01
5.863178910735933336e-01
3.334740815355868304e-01
5.424533851090637127e-01
4.201236180594145053e-01
6.847028683699526441e-01
5.694401781971081267e-01
6.853074931943087256e-01
2.835231237067741827e-01
2.509080080572783644e-01
5.955537444248608647e-01
6.586165853045015117e-01
7.528438356152636901e-01
5.206619784078814206e-01
4.259257959300857821e-01
3.496593728009193547e-01
7.785872796877980617e-01
5.127940043802535763e-01
2.448200497587471880e-01
6.957855765845932794e-01
4.594765791130315247e-01
7.419188529651422614e-01
5.323007539451101167e-01
4.275032851868499351e-01
5.371869610389460314e-01
6.180995072075673447e-01
6.918590896275911284e-01
6.445516899827771207e-01
6.300608295690441896e-01
3.839414150181966190e-01
6.173169225446945019e-01
