2.040238169319893435e-01
9.291913253402661610e-01
-6.112782211515046527e-01
-6.699369808473585319e-01
-1.326660494843097393e-01
-6.592768411630628433e-01
-7.294883268751956029e-02
-7.428444251355657002e-01
-4.654619162458978332e-01
-1.000000000000000000e+00
-5.282921888790984566e-01
9.105442032164065558e-02
-1.252895144468841315e-01
2.902756381707895517e-01
2.965964871747665543e-01
-7.258647557375362824e-01
-1.212726211729516362e-01
3.568738797354503167e-01
-1.746964669980384244e-01
-7.286580304378057482e-01
3.453670214501893820e-01
-7.134890867974070794e-01
-5.399898739457185126e-01
-5.908750749712476935e-01
4.202962843171670904e-01
9.005006016280443504e-01
6.428180079922792833e-01
-2.506285186882306615e-01
-5.512416778925660621e-01
3.593273272789911377e-01
-6.690359338111085963e-01
6.998538233465366742e-01
-8.231603613470924730e-01
4.117145123951006513e-01
4.462904890418930570e-01
6.120194132058396352e-01
4.463181249878389045e-01
2.242499480617711483e-01
-4.614838353109090852e-01
-1.562552048092957224e-01
6.448684261284912678e-01
-4.482183056380935615e-01
7.340386621261224542e-01
6.871589321591440314e-01
1.545138398966159898e-01
2.632757729228922261e-01
6.315668108453990071e-01
2.590425478921796199e-01
5.475363119196258177e-01
-3.474634573693910489e-01
-2.541349905378621488e-01
4.076835488451881484e-01
-6.851769862254578625e-01
-3.401079141520241822e-01
-2.273177366780990138e-01
2.131448560619007837e-01
-1.787019026122365351e-01
-7.608078103123832037e-01
-5.998737504984410496e-01
-8.672466833456735080e-02
-2.650969601675032816e-01
3.866494026669382578e-01
-7.354837002655875144e-01
-3.302078399841626988e-01
9.118858058361276608e-01
5.495266480175783341e-01
8.523494485065202797e-02
4.678447009677316748e-01
-8.864860786436243867e-01
-5.726641013572099093e-01
7.826773443583907586e-01
2.482186559784198276e-01
1.602255068345221078e-01
-7.141737286983851352e-01
8.153025225768545381e-01
-3.474230531015177204e-01
-5.402676179209243701e-01
2.928995829164654507e-01
4.933688284039798866e-01
-1.739238034492062435e-01
-4.535031136075079461e-01
2.798381208223355357e-02
-5.629214798884597526e-01
2.207304148370133612e-01
-8.069143654957379175e-01
8.949193876012516702e-01
-2.788966676844625847e-01
1.580212344143751557e-01
8.546024663735074522e-01
-6.565611219254718911e-01
2.663959851871196549e-01
-7.607110470084624820e-01
3.417155962991810236e-01
1.498500272754937912e-01
8.612295884801837720e-02
-5.914486454479124244e-01
5.018267460248079237e-01
2.204066136683427712e-01
-8.310918826229733714e-02
5.604258849354096794e-01
8.100474795072365453e-01
-2.432109134343368728e-01
1.765566991094752736e-01
1.085806003373167850e-01
2.368108060590811137e-01
3.454236808813472281e-01
3.235432545709769347e-01
-3.393746567501319811e-02
7.435415085477002917e-01
-1.230695062939488604e-01
4.783486212169441032e-01
5.710113972165536955e-01
3.609528024307067096e-01
3.411272660084049835e-01
2.700763111504921321e-01
4.183346219115560011e-02
7.363996770449826590e-01
8.192458713415508020e-01
-7.380343991762150502e-02
6.418855336929497613e-01
-8.644908671166989800e-02
-1.429337117212605424e-01
9.664804996813904925e-01
5.037275815787163324e-01
8.045308010656683217e-01
-4.001167885365085053e-01
-3.200342270552915536e-01
8.983855503771420725e-01
-8.486635332231992068e-01
-5.011570656037706017e-01
-1.099676410766386586e-01
-7.426806392441671900e-02
8.025569024613491420e-01
4.495490526331062386e-01
4.512344661738344476e-01
-8.314447242633654644e-01
-8.165133797456315401e-01
-7.559388682669883064e-01
-7.280167269168015265e-01
4.160463002869964622e-01
7.500334897479249419e-01
5.762769035648198646e-01
4.284384043640155904e-01
5.012308526413484788e-01
-9.199147588804500453e-01
1.940939753330034878e-01
-2.092033362607798319e-01
1.908512802878070125e-01
7.900018769486083503e-01
8.344839511108722574e-01
6.053356680715579197e-01
-2.541436253240726417e-01
2.502565208470505786e-01
-6.661369548790475603e-01
-9.031984218624058425e-01
1.143528605935863335e-01
1.532768607236680014e-01
-4.805355653282061268e-01
4.691444833832109640e-01
7.558660168186883688e-01
-6.872761807428254821e-01
-7.974184135145283570e-01
7.216606455957077504e-01
5.405086848011378953e-01
-2.046367917470414688e-01
-1.791256016865265532e-01
3.067809089003482592e-01
5.518641485565923405e-02
4.383458297928164993e-01
-7.394991904406593708e-01
-6.527242972673705790e-01
9.579159964509282865e-01
-1.635045099124935453e-01
-1.024920215012346397e-01
-4.498481404982346832e-01
-4.121633442043117213e-01
-5.631468042184434308e-01
5.729749693264368088e-02
4.324510288170690941e-01
1.299967830491125520e-01
-4.103952216931970598e-02
-1.445847624104787954e-01
-1.431099316603289540e-01
3.540048694734805879e-01
-8.087792613705307998e-01
-2.780383011392429937e-01
-8.266577042151177501e-01
-1.392986771280247116e-01
5.751207986954258722e-01
3.485675877250136723e-01
5.964393676700721070e-01
2.302877224022988056e-01
6.761026526208361309e-01
2.318873240583584905e-01
2.286450108467581455e-01
8.104173634720871489e-01
5.529702217051255531e-01
1.227780278003556824e-01
-2.750763351901442944e-01
5.484539776126918786e-01
6.171372820962165440e-01
-7.127922321896721369e-01
1.867179069957710380e-01
2.673099252529920755e-01
-1.786558387601095976e-01
-5.210832256893190850e-01
5.374144002625765859e-01
-5.920121749431371816e-01
-1.125781527439664031e-01
-1.506417238305511608e-01
-1.629383374817857388e-01
-8.945458162252389878e-01
-5.453788325378614715e-02
-5.900971926187744687e-01
2.638301315153285809e-01
2.365675266050511205e-01
7.764816892029761108e-01
5.805869497251645583e-01
-1.467896852184133738e-01
-7.099766343635702803e-01
3.867797577555199817e-01
-5.416263374926921781e-01
-7.953165212980942700e-01
-1.751419359620502714e-01
-2.926692801553830714e-01
4.079168490410063352e-01
9.551200058937621418e-02
-5.180493395977625593e-01
1.779104726680968418e-01
-2.559719959555645241e-01
-6.965375204124256425e-02
4.993248263593336178e-01
2.951353675038485003e-01
-7.610291673177225213e-01
2.446676486098519065e-01
8.873296718705890873e-01
3.302836188364219328e-01
-8.749453895590278973e-01
6.989217214615421891e-01
4.595636760477397331e-01
6.701743272077935742e-01
-7.037995614243788278e-01
-7.925259709540359854e-01
8.287322583593252912e-01
-1.442778880842606193e-01
7.261408022455633215e-01
6.824991902328914062e-01
8.645435384311601634e-01
3.981866905950585678e-01
1.646562450257671173e-01
-6.611232939201490133e-01
-5.787717753352996652e-01
-3.947404486728279260e-01
8.403981026758670092e-01
-1.441864878349300438e-01
1.408464071088176284e-01
6.440118753158059484e-01
-1.964141375156532310e-01
5.388507119645538079e-01
6.568101128368056818e-01
-4.109832867620436536e-01
2.448696156298608984e-01
-5.040935498551378791e-01
-2.877189604061319295e-01
-7.221727294560528199e-01
-3.324200488073543736e-01
-3.449955918417070833e-01
-6.275745254326879630e-02
1.687607596739027771e-01
6.984441968079848628e-01
-2.229300097227338850e-01
1.729769684188587342e-01
-3.045624404086446080e-01
4.911649325164423874e-01
8.257762961325155748e-01
8.202833491749046413e-01
7.758462154487244522e-01
-6.342332334407529970e-01
7.306752406398827615e-01
1.372581362894529644e-01
8.606100611113276511e-01
6.906560134999135681e-01
4.507333962789865089e-01
2.736952513868713965e-01
1.777241115941545768e-01
-1.647104651620221946e-02
-4.837064719229710041e-01
-3.557647298915898593e-01
-6.075603715475084154e-01
-6.837611794031069889e-01
-9.440994956734658494e-01
-6.058459856329487803e-01
1.166286128151649837e-01
-5.674635747666133545e-01
-1.849367385897431604e-01
-7.350110546201001904e-01
1.850904894943168066e-01
4.547471291153706852e-02
-7.030667272637600718e-01
6.693205188222659530e-01
-6.198702964596535248e-01
1.550726246791127305e-01
7.392921029598304994e-01
-1.482200534820726501e-01
6.043462670323602737e-01
-5.714033860253141250e-02
-6.562474919061883627e-01
-8.510257912216467879e-01
-2.883409664571587316e-01
-7.884922680964475683e-01
-1.197911964153913766e-01
-6.669161109619138328e-01
6.208695665792164642e-02
-1.457255630697081306e-01
-1.845930881136927659e-01
3.806712423318398542e-01
-2.401880499401517488e-01
-4.981567621764104170e-01
-5.753306068797395811e-01
8.027792016363358707e-01
3.202399106452316624e-01
7.219389601995884753e-01
-5.523338432327307146e-01
-3.316841886836562892e-01
-7.982409794111232637e-01
4.731322473872245915e-01
1.945350784674509115e-01
-6.278553390983490079e-01
-5.362789936483558506e-01
-1.177691038290571979e-01
-8.154247777178902368e-01
-6.081663217798667365e-01
4.489771713493582173e-01
-2.837076157571426921e-02
5.131638564714453565e-01
-6.769668699015368718e-02
5.068755278003336251e-01
-7.006751078905572028e-01
-6.047010846585586519e-01
5.245719545126977801e-01
1.754440292864413442e-01
5.721933830779981633e-01
-1.195450259750476391e-01
-5.972513593212287475e-01
9.241751693404601786e-01
-2.325030434641005006e-01
3.292125516475010172e-01
2.701553497524407654e-01
2.035271745525890352e-01
7.049441232821264391e-02
-6.468868367884512693e-01
9.080467919407201327e-01
6.944870888007169674e-01
-6.035802529965020868e-01
5.733451517606670267e-01
-6.972564735625277343e-01
5.783302173987471262e-01
3.779737924845746333e-01
-8.543271854647063179e-01
-6.784410848987910692e-01
-1.330650797731913471e-01
4.346975281664839930e-01
-6.409712449676846502e-01
3.795056936903112854e-01
-6.629652561960389656e-01
4.439026802685986373e-01
2.971079639958041918e-01
5.528316394824629443e-01
8.206471781109394570e-01
6.130130395537185251e-02
-7.629564458989041009e-01
-9.006462256986644821e-01
4.599177957331205269e-01
-8.014228517690628883e-02
-3.646076141566803042e-01
3.768232416052162415e-01
-3.827800818072854550e-01
6.153830899008050359e-01
1.257319513647351117e-01
3.316410703596441301e-01
7.320666552128221038e-01
2.451744785152553119e-01
-2.389035393886734526e-01
-3.322457779373617637e-01
-7.838636707709649709e-01
-8.105539716059414479e-01
4.107154163792319790e-01
-4.717529132884676901e-01
-3.291128708230263156e-01
2.084579060618857449e-01
-4.747272675285920673e-01
2.435693582239493726e-01
2.525386746346426903e-01
-4.603739764762108111e-01
-7.643748860728130090e-01
-6.752237559136291256e-02
4.375599300865989916e-02
5.890600155121658021e-01
4.617711570987985126e-01
-1.967242081317945868e-01
7.551509474407473999e-01
-5.069644714469553337e-01
4.067239863499642893e-02
-2.173166922872374618e-01
2.658512878265358315e-01
-7.641702948829379727e-01
-1.983587210792237543e-01
-1.739369766045502363e-01
3.614740610122525455e-01
-1.182323113070603143e-01
-2.311934593039771668e-01
-9.205426116037149775e-01
6.191742735617117299e-01
9.347455411368305045e-02
1.205264410657848062e-01
-8.464933514612510423e-01
-2.617608374277589633e-01
1.388704013311107544e-01
-6.610247308866290528e-01
6.831236943645876414e-01
3.717706092250926964e-01
-6.640269255099504608e-01
-2.649382095405357074e-01
1.827090847603450308e-01
-8.578337543243177432e-01
-4.100016588780255877e-01
4.542793920728619983e-01
-5.186485878512527847e-01
-4.159554268572153157e-01
-1.296444008081701349e-01
-4.270746880552712677e-01
-1.016455766777830394e-01
8.064155242136242796e-01
9.402052744291142794e-01
8.920929750206781916e-01
-5.414502977744157786e-01
9.607637925889907227e-02
-5.072802555382165401e-01
-3.076009271168217429e-01
2.017852533402767490e-01
-1.434966558009528881e-01
7.818660585527691387e-01
2.921481874725646022e-01
2.538865943309926432e-01
-5.232540658521154242e-01
2.765479758992788750e-01
4.808706563300693682e-01
1.242551737152879643e-01
-2.650299922973945455e-01
-8.347947248570697365e-01
1.453351240780953180e-01
-8.422888661448251213e-01
-3.092254696722507856e-01
-9.021799568847624906e-01
3.784880029982117255e-01
-5.257465998930213047e-01
-6.839189741209683593e-01
-6.553475424635851754e-01
5.848176076318293282e-01
4.435053742267998089e-01
3.880111055730283143e-01
1.646616397186804748e-01
3.754234305253617010e-01
-3.780521633588568853e-01
-7.903298793956873292e-01
-7.847214139475432448e-01
-5.327900463842114576e-01
-2.139072366467323350e-01
3.588340605924941196e-01
-6.201111210920817046e-02
1.836173110199887104e-01
-1.501854739045822562e-01
-4.420428360146272384e-01
-5.528880379595952910e-01
-3.838827922119587011e-01
-3.160507881368648797e-01
6.123954106336818581e-01
6.764131882614521363e-01
-3.190917199772342339e-01
6.220229475523438023e-02
-2.988993862673350876e-01
-3.529937173935942529e-01
6.292746820271709618e-01
2.690637731059675741e-01
1.521400588577127844e-01
-5.349488964052022677e-01
-1.414497094529041377e-01
3.284769077774800650e-01
1.362799251965722824e-01
-1.704043836072099694e-01
-1.321740359706690682e-01
5.912792287207727648e-01
6.277065210899036574e-01
-8.109737200937917612e-01
8.141374304675066398e-01
-8.213628416763180118e-01
3.173392728664966578e-01
7.764429427205788992e-01
5.659062348120185160e-01
8.636906393974866369e-02
6.136560927990201142e-01
4.163089107861414617e-01
3.191418317117106773e-01
3.949904845700840106e-01
7.620471430691037051e-01
4.562011905211606488e-01
1.339382684652188904e-01
2.013579864068166803e-01
-1.983859165037268613e-01
-8.298237997173548708e-01
-5.971889683147829642e-01
5.016058822652924576e-01
-3.887107676321518435e-01
7.071183164997864035e-01
-6.167323332722048912e-01
3.895005372992974557e-01
-8.537464792050148965e-01
-4.974263459399112519e-01
-7.544384046294770885e-01
1.602196756990754700e-01
-5.238389492650664669e-01
3.865629581326971431e-01
-3.205760329464258374e-01
5.360867496760921558e-01
-4.656304251814332718e-01
5.672540124500723840e-02
1.951112801362697713e-01
1.218035397572025808e-01
-8.812157679870834537e-01
2.224720044508051164e-01
4.904362483461925937e-01
-5.043439801703611947e-01
3.056545131745372346e-01
9.333259345206578184e-01
6.633834434918863820e-01
-3.197011621523792591e-01
-1.083445697766514809e-01
-6.979151623494662671e-01
1.099657496367459908e-01
2.993166143627317144e-01
-2.481586117202991548e-01
-1.213274963878121504e-01
-4.247944658876749990e-01
8.716514081346562470e-01
8.823582474433864231e-01
3.559978342951037322e-01
-1.727059913412334058e-01
-4.531680556975734575e-01
-4.694249886933198890e-01
-4.620790639770425146e-01
8.465962650739513595e-01
2.620032747541830576e-01
-7.582619980116103164e-01
-6.286894321352436421e-01
-8.863607286885231973e-02
1.539180660945635715e-01
-4.760127923011487905e-01
1.602754132075492333e-01
-5.570742170478796274e-01
-7.996380571357812883e-01
2.746625748796734379e-01
-9.378551132486786512e-01
-5.925040066592099919e-01
-6.946290185268774175e-01
3.699000493599232664e-01
3.014516020429073295e-01
-1.395854941280642025e-01
-8.944578842967050580e-02
-4.344356035570217656e-01
-8.220681245377816637e-01
-1.488058685194099465e-02
5.013435983924412476e-01
-8.795845763899660108e-01
6.838110867838499418e-01
8.785090945092351999e-01
-5.101676243726954718e-01
4.386628887140596733e-01
-1.389806645716848699e-01
1.042641698298319292e-01
5.025402610848265228e-01
3.891394502509571973e-01
-6.010597902431814854e-02
2.126421830370354982e-01
-5.348396834602626715e-01
-7.934406146677444038e-01
-7.985634852221907831e-01
2.493085885998976847e-01
-2.048161147954037919e-01
-1.097928293689172524e-01
-2.347531413541424916e-01
-3.473960226802008111e-01
7.712855767705683041e-01
4.880971413211838139e-01
-2.138070554158908732e-01
2.788245950987555677e-01
6.405302018835485889e-01
6.939847970840693492e-01
8.047914089341705324e-02
7.360869821261326607e-01
6.097182395912514874e-01
-8.458149067254772113e-02
2.468294804616175675e-01
-6.437680314838769569e-01
-4.232570242255115911e-01
1.055717841548226565e-01
-9.026935987450742660e-01
-6.211340610978401955e-01
-6.090132837193659027e-02
1.465565207027548777e-01
8.178254713373740437e-01
8.751799592255325999e-01
-3.575780759724956348e-01
-8.921485008496899960e-01
-1.836381333051135822e-01
-4.372252974412642046e-01
8.896356099431548259e-01
-5.368443873831181268e-01
-2.746356987100166958e-01
-1.587962275501904885e-01
1.102510609836742927e-01
4.618076266929108109e-01
5.321782263299743576e-01
-7.516725971543852802e-01
6.885005506653910645e-01
1.341139181449247930e-01
7.369685132825298801e-01
2.322349784554295915e-01
5.033130184523808559e-01
-1.028921877105678229e-01
-5.920383352521687570e-01
5.430713632837161908e-01
4.311198625764175313e-02
5.225399534304964871e-02
-8.845172052368397431e-01
-2.682179983742605800e-01
2.679137590041079653e-01
-7.050830092214580569e-01
1.845526551989435105e-01
-2.650047010400344294e-01
1.471202910102220873e-01
-7.272108331691591321e-01
3.936588717399521764e-01
7.340712755222028596e-01
-1.304991879947086930e-01
6.621646822167370772e-01
2.424134431179090221e-01
4.362246179907538490e-01
-2.075850917689812114e-01
-3.517808110252510501e-01
-7.052352349804823506e-01
2.634443000627543774e-01
7.825676719874954390e-01
2.742676861223868889e-01
-4.497303346082762165e-01
-6.333385309139133446e-01
3.175945342799993409e-01
7.207914597933250400e-01
-2.495323848402492550e-01
-7.917888620689089718e-01
-7.327868776776729209e-01
-3.024074781692245861e-01
5.498398919570922638e-01
6.196244264811157088e-01
2.366451808503715892e-01
-6.558570924507702016e-02
-7.351022034418344675e-02
-6.043398741678286390e-01
-8.375228328248544019e-01
-7.673948465974752553e-01
1.448422482906164266e-01
2.565697523041903239e-01
-6.002162337600039921e-01
3.259836706376394999e-01
5.684788852718953255e-03
2.519742478538382069e-01
-2.654602056837496726e-01
-4.738678267767562069e-01
6.796033673946810794e-01
-1.050940755219675338e-01
-3.976390226423700408e-02
1.325027075899772866e-01
-1.203151545391237393e-01
-6.805592239094042650e-01
2.340682356389374719e-01
-2.026437256663400077e-01
3.213325332922412070e-01
6.549590626594410381e-01
-1.664267123420219430e-01
-2.264661461305159940e-01
-8.680296413435074909e-02
-7.820077971219582258e-01
2.996644491628482898e-01
-2.601321130477481369e-01
5.656890564688412670e-01
7.220540926258198766e-01
7.880908149836944876e-01
1.837814124124835802e-01
4.562399607380589472e-01
-1.081094225355897359e-01
-1.240816694461181618e-01
-7.305548349519787321e-02
5.342467304458987654e-01
9.159217178773400025e-01
8.428506117391876273e-01
6.659067319022796694e-01
4.551207172117522903e-01
-7.461065948712418683e-01
2.802225801804721361e-01
-1.510866641495981766e-01
8.931627934795647317e-01
6.927069624211092957e-01
-3.741286405817493277e-01
-6.923623002466234855e-01
1.653027058278537242e-01
-4.193748886609162119e-01
-4.493237484355499523e-01
-2.243615633542324905e-01
6.018718833231683218e-01
5.184226386517191143e-01
-2.195646202936943070e-01
-2.928244972201400897e-01
9.499499225764115873e-02
6.447946943507219808e-02
8.385888342587956013e-01
2.346665182284505269e-01
-4.695998042606670531e-01
4.163757117461031054e-01
6.681036163434673769e-01
-1.736483459441270916e-01
5.602848778140109287e-01
1.922885901447626555e-01
-3.893411189431822406e-01
5.888116478228762052e-01
7.309984579343874467e-01
-6.507931926045061877e-01
-7.445364082219432245e-01
-1.398498092825282424e-01
4.258364632397143024e-01
-5.380344335931385169e-01
-9.231955203634978346e-01
7.374197046368784481e-01
8.042911500817638837e-01
-3.578464914437135547e-01
2.307477807691580562e-01
-4.079765875963088373e-01
-1.019279425483986812e-01
-6.499141591470851687e-01
-7.496551182769716215e-01
-8.415030114043348108e-01
-2.478412219130792515e-01
2.642930300655425002e-01
-2.427483035835487912e-01
-2.694338534754484732e-02
6.481407657389498533e-02
6.668673286851650728e-01
-0.000000000000000000e+00
3.011091306687390667e-01
3.403655232230812233e-01
2.151144522700011719e-01
4.321835216408462799e-01
-1.111249426553203995e-01
-5.615426361250321907e-01
-7.781944884711790023e-01
7.543864744458887994e-01
-2.730767046558383801e-02
8.427626686553849611e-01
4.118220674964591654e-01
7.958745041916784890e-01
-8.895583472951391624e-01
-7.464909950538707317e-01
-3.216519578472603613e-01
-5.107062280961743861e-01
-7.260564625828217489e-01
5.130855368873840083e-01
7.996817435232671523e-01
-4.297020847315017877e-01
-6.382482796179257400e-01
-4.414427072965759202e-01
7.492322103875829198e-01
-6.932209577555459301e-01
-3.334685020368819419e-01
2.308929131374928556e-01
1.489318289776053739e-01
6.757832964921642871e-01
-1.632127155062416679e-01
-5.166425000888612562e-01
1.778033909654948563e-01
1.069502072113421159e-01
-3.236553269500083707e-01
-8.529284851095547682e-01
1.919977795435339196e-01
-6.718674984258699023e-02
9.883500133109439367e-02
6.320546303785008480e-01
-4.608352821659223997e-01
-5.583416740829861835e-01
2.370451748189872712e-02
7.318734204629555318e-02
-6.799516494592821036e-01
1.466109190224550995e-01
-1.154258920290257423e-01
-7.319724932968877384e-01
2.224268591024487762e-01
-3.604830408137542630e-01
-8.321195369661588126e-01
-8.743302359411845304e-01
2.382000202821545343e-01
-8.331977297639833191e-01
1.535539884838822977e-01
-3.874966678859111946e-01
2.163282600172273529e-01
-2.395068397330133436e-01
-7.994139823925563437e-01
1.078204137832732973e-01
-8.408149119288336193e-01
3.269779847512092608e-01
-5.624433311779223343e-01
1.231844998548118630e-01
6.377747358554737289e-01
-8.563557230799560827e-02
-1.440263470757550124e-01
9.227937455516790899e-02
-5.264478490716834047e-01
-7.708768013238104233e-01
-6.599532220227584123e-01
-3.301965112516620504e-01
-5.100486882652461862e-01
-2.065926358218479197e-01
7.961004431815865701e-01
-6.844781301998126288e-01
-4.652079423795944524e-01
6.257012592857862376e-01
-7.410154584930650490e-01
3.276299139036612518e-01
2.755865591642689960e-01
8.400205869562982208e-01
-9.006059894539290012e-01
5.290555335142445026e-01
-3.419354874385024390e-01
8.414346713556609680e-01
5.128364604402821936e-01
8.443325877777980715e-01
7.376127593160269891e-01
1.975658878996746637e-01
6.193357322151811228e-01
6.237716086288039863e-01
-4.398306369936967886e-01
-4.767912411372526860e-02
-8.928632882731094567e-01
-1.350982216079529286e-01
3.911342126613654435e-01
7.938795372550740970e-01
6.429907494034206028e-01
7.785606511798368601e-01
7.970062939181840611e-02
-6.525872134076421416e-01
7.022959065214153807e-01
-6.193998616900048271e-01
-5.121664277677469013e-01
-5.047438989179269253e-01
-1.293137166376701896e-01
5.737301822953057018e-01
-5.898145068852193029e-01
8.868481173275656326e-01
-2.570382621798927292e-01
-1.526398099718129509e-01
-1.593260614013530252e-01
-9.807960922184909280e-02
-1.402665423542069356e-01
9.164813020597949167e-02
4.869715608829137121e-01
-2.493877400297479785e-01
1.985548584659208582e-01
-5.868064069386443871e-01
2.964494033457218958e-01
-3.833637945549607240e-01
-3.310375123220380411e-01
-7.966021294724062729e-01
3.637578432936521278e-01
6.974619181493165732e-01
-3.085558559444196991e-01
5.641093209235938932e-01
-5.008547424453267949e-01
1.355462924862464447e-01
-3.537943194519778678e-01
2.806492287067606228e-01
-2.076199784973210560e-01
-8.051415437275012410e-01
8.342649379120088415e-01
-7.119837038354718262e-01
3.418956163992120656e-01
4.518387495039937196e-01
-5.490701637860271322e-01
-8.016613608698093529e-02
-6.505696415886242923e-01
-1.202903603054296527e-01
1.987729054743183066e-01
-3.149099773638109889e-01
-6.761656695226162528e-01
-3.479035808905711624e-01
-2.577002488269394265e-01
2.199820736872770965e-01
-3.231450670805615655e-01
-3.198445830891640668e-02
2.949713684201444863e-01
-4.809112905359779755e-01
-5.404774721103365875e-01
1.833820795807750703e-01
-4.823011362058513551e-01
7.117800935464440037e-01
4.565322082803642822e-01
5.734912803688528848e-01
-5.257326948917132592e-01
-3.803858700061138465e-01
-3.385052312835129529e-02
-6.602631044689958317e-01
-5.525268698818082136e-01
-7.189504806421515015e-02
5.763638721577307722e-01
8.146621776418264682e-01
-5.941665352871562389e-01
6.356516818274082770e-01
-3.221491126536929483e-01
3.102631448272471504e-01
1.090729098750762016e-01
3.685167384854721173e-01
3.976045009859283108e-01
8.300552873538183940e-01
5.776820899368442230e-01
-6.535916088051051398e-01
-7.594897810081722156e-01
3.983945798208131661e-01
1.717043125316900509e-01
3.591101566376851961e-01
-4.666549933654268179e-01
-7.770435439290189761e-01
2.228097181410675642e-01
1.826710206475476994e-01
-4.157170499206488401e-01
-6.430970666363524657e-01
-3.984564196504464251e-01
-5.662316387732461986e-02
6.942539002807968096e-01
-3.284178623869735136e-01
3.445232881997225549e-01
-7.136260446699916882e-01
1.993196876080913504e-01
-1.594597760055929958e-01
-1.063108474876522935e-01
5.106382297694700423e-01
-3.069042487257206409e-01
-7.326364849098230270e-01
5.958209699703495010e-01
5.634841717816881923e-01
-4.625491371007046659e-01
3.343447817628757424e-01
-5.855147654095677057e-01
-1.433196275820173282e-01
6.999922797168042221e-01
1.732045272720484086e-01
-8.084125770234615871e-01
4.246498780009336782e-01
5.206626514699076447e-01
1.799250649779954303e-01
1.275784147591307593e-01
-1.158596023395768448e-01
1.958363216673170704e-01
1.193330512420586881e-01
-7.343632427483918201e-01
-5.503863162987681079e-01
3.603650236012111430e-01
7.754889627373910965e-01
4.323826321696378483e-01
6.332260495507078257e-01
-1.988346329552455882e-01
-3.880751845329653005e-01
-1.978419480275630526e-01
8.574994276778228341e-01
-9.110475659871596354e-01
3.452014179291254536e-01
2.416636055266453142e-01
-8.695945281495055801e-02
4.681601922595697851e-01
-6.236999198121835342e-01
-7.489156332245665570e-01
4.469336004467840129e-02
4.810779867562512413e-01
9.210428956525400501e-01
1.806388246466899550e-01
5.686155841448126136e-01
-1.048963041897164189e-01
-4.490514216847065754e-01
-6.211099669262122314e-01
-4.410291507818335788e-01
3.081853411887529037e-01
1.870854081542547287e-01
2.647556272777834008e-01
2.885470068943649102e-01
-6.926307020930819736e-01
-3.094702040792184916e-01
