4.547671420688632060e-01
5.346742427394876040e-01
6.065542133315459106e-01
5.792872501603961721e-01
5.780078913965077669e-01
5.857966701171538615e-01
6.406250271906421823e-01
5.680284689114085683e-01
4.321361166219029326e-01
4.617431199856876778e-01
4.937124035153157009e-01
5.805212497358959167e-01
5.918171810101821029e-01
4.862725546370863516e-01
3.410279365240484473e-01
5.356295491335498760e-01
5.221716237298424934e-01
5.983719759020623696e-01
3.798981316178377532e-01
5.076641906740343435e-01
5.403161583420806879e-01
6.797978654583810565e-01
5.246426670160628802e-01
5.715806075463342184e-01
6.145200296876366375e-01
6.077596884441346381e-01
5.752455017421368444e-01
5.252628289343913570e-01
4.531094575375712030e-01
5.567746631514168820e-01
5.105480343214239269e-01
5.643348308166996619e-01
6.330314034891478814e-01
5.236049322827982522e-01
4.870453894665170425e-01
6.472575524729593521e-01
5.514526259780249129e-01
6.263477707052654830e-01
5.465926415199292565e-01
5.335080709877687566e-01
5.585478241830820201e-01
4.487967086310760689e-01
5.235215379849490480e-01
4.189260128368628155e-01
4.960422978867033428e-01
5.158092009785232301e-01
4.875604642507222475e-01
5.953265339554557611e-01
5.559624521226279592e-01
5.171042067939274345e-01
5.763078181150903534e-01
5.001458362627314580e-01
5.306415845990671842e-01
3.772326824140745383e-01
6.480485610489767900e-01
4.890668377413500689e-01
5.118514007762121620e-01
6.714942220459856337e-01
5.439690395409160217e-01
6.774039409358284525e-01
5.350651911737256405e-01
5.016593683869002840e-01
4.781122795211776300e-01
4.102991166273218249e-01
5.922543493268263015e-01
5.781024984756500951e-01
4.889818115550687572e-01
4.641651943158848770e-01
5.004718442386112409e-01
5.132527168725325994e-01
5.267198713592803339e-01
5.703002407182380384e-01
5.491520660475954774e-01
6.629342063442024147e-01
5.065265080523494445e-01
6.270895374355984764e-01
5.666625278855652592e-01
6.012705570598783078e-01
3.869511863556940323e-01
5.010725223338413636e-01
4.065814772075338479e-01
5.295204631034465814e-01
6.269601644298868903e-01
4.962626775144493574e-01
6.058830539329322917e-01
3.793223623934903199e-01
6.182507592033517074e-01
5.377431100231525596e-01
5.312014854493566363e-01
5.211415603113068729e-01
5.179176287360525155e-01
6.310967446876537545e-01
5.523562668206606352e-01
4.752135351396700180e-01
4.849773570443970949e-01
5.153849516252136942e-01
5.688409241712385489e-01
4.390513132097829119e-01
6.334582097364803710e-01
5.429540176651628247e-01
5.239294107974633574e-01
5.833399107980244969e-01
5.672232375945353011e-01
6.349324772969729969e-01
5.380836140063141038e-01
4.212552397505175961e-01
7.371764600175264581e-01
5.087154679065550855e-01
5.004493991727514413e-01
4.341949656100529964e-01
5.886116251352354611e-01
4.711736124774856815e-01
6.214649265098181052e-01
5.703661948266283144e-01
4.239397283763615687e-01
4.615474351759809579e-01
4.637298993968660965e-01
5.101818563453376365e-01
5.814218361001565194e-01
5.726050431242830641e-01
6.763326719510552865e-01
4.643455323170644911e-01
5.955542631377027663e-01
5.680098961478141639e-01
4.986862342363269640e-01
4.967853188959441280e-01
6.381733765529127300e-01
6.870403176060390082e-01
4.599679176816156567e-01
3.643393418042628062e-01
5.703193175988092722e-01
6.318262973358431678e-01
5.024547924678035571e-01
4.842942875098868449e-01
5.989209349666104742e-01
6.023393512512239534e-01
5.267227391326944064e-01
4.507485667371075588e-01
3.717677234752375104e-01
4.980433515440351733e-01
4.860764307313454324e-01
5.707558089079075581e-01
5.912686130791048322e-01
5.732375635911687306e-01
4.855709581968876698e-01
5.470516107262105576e-01
6.079513288821928318e-01
6.056703226379127614e-01
6.636573271184701417e-01
5.504571001641866967e-01
5.395904138985155862e-01
3.490472092155232353e-01
5.564076644760724832e-01
5.654632360226777843e-01
5.344245444983184434e-01
5.190569543138238151e-01
6.434818262306609693e-01
5.286821176056425431e-01
5.860469442682095798e-01
5.748154246848325988e-01
4.685661773321210810e-01
5.205520120828012187e-01
4.821950315676417076e-01
6.315748314763308668e-01
5.832483734796888308e-01
5.427637052927817285e-01
5.232789997816850169e-01
5.288187837654224621e-01
5.824958437023769475e-01
6.255070653843329831e-01
6.561111831194537114e-01
5.513211340826397189e-01
5.154201148820048983e-01
4.938942351945070364e-01
5.256598885623956496e-01
4.739738179586439060e-01
5.416639238604178397e-01
5.755388590853686148e-01
5.372069537343054924e-01
5.961290065585580500e-01
6.265000119482909691e-01
6.464732906091326115e-01
5.625796264283565717e-01
4.948315654969510091e-01
5.435942750764676257e-01
6.295141540751787446e-01
5.800751935306668328e-01
5.087392291052905691e-01
4.215327433034470328e-01
4.236920322821830509e-01
6.559764759490728236e-01
5.121308925813409241e-01
5.680750980174087417e-01
5.285509214437452696e-01
4.824818424846010756e-01
4.558166962135479228e-01
4.773488758582233871e-01
5.964840368513514290e-01
5.148255249505401254e-01
5.758877474233560223e-01
5.792769837216905637e-01
5.587396446239115688e-01
3.885978108909737827e-01
5.700370952147305603e-01
5.951921552084508127e-01
5.215688790468376856e-01
6.122912101155474351e-01
4.492502758083540271e-01
4.890124357669181077e-01
5.640694546341643578e-01
5.858205475441131682e-01
6.718006491245507306e-01
4.568970472710857655e-01
4.194345877268706446e-01
6.501782017275408165e-01
4.974837333872954570e-01
5.873042981378798766e-01
5.861863501290214273e-01
5.320734697060245377e-01
5.879980940252792498e-01
5.769030772573036092e-01
5.012164254037826394e-01
5.724117986430169447e-01
5.215950075793750473e-01
5.459728303915963865e-01
4.176849275608111589e-01
6.101356725021137573e-01
5.629137755670444720e-01
4.979308686506563331e-01
6.211607774014906713e-01
6.272221216490411200e-01
5.567302673929452883e-01
5.242151059026912696e-01
4.661819174080796824e-01
4.992267840391689249e-01
6.486547644378209965e-01
5.340458414328094205e-01
5.996496821642521846e-01
5.781569264734492952e-01
6.776837205486119231e-01
4.792964304137925513e-01
6.291386613562773844e-01
4.941178432115946317e-01
6.594590975855133541e-01
5.923005679670976242e-01
5.437214235826693942e-01
4.882873929152728998e-01
5.248833466483960875e-01
5.274461375263705953e-01
4.787316744017861558e-01
5.019921585094592187e-01
5.710376690034846270e-01
6.014128460153412847e-01
5.589653948608589440e-01
6.394109571036066253e-01
5.060065688249947291e-01
5.801888342009102750e-01
4.221430542997618995e-01
5.228060474801060620e-01
5.063967474367770949e-01
5.545175973409817161e-01
5.029098925959353261e-01
5.576127419078650282e-01
5.205414068538029015e-01
5.369626759500168989e-01
4.457120416476700875e-01
6.512276688540938885e-01
5.465311121245587378e-01
5.496056034158866010e-01
5.662219967509470875e-01
5.973678811030449509e-01
5.173098648763433394e-01
5.008775166390702083e-01
4.988121374066258884e-01
6.678724433008823569e-01
5.824596289364173396e-01
4.391072432678699844e-01
5.189118625183699596e-01
5.326180352719241951e-01
5.287671632389812082e-01
5.238747814836561822e-01
5.114743280799342040e-01
6.684431307331161198e-01
5.673924710731704790e-01
5.132776529571149160e-01
3.594684837194582205e-01
3.463762517029170263e-01
5.324501108563367557e-01
3.077905898020509290e-01
6.494465025669907687e-01
4.584195484395414133e-01
5.507634899194642220e-01
5.720424587835909458e-01
5.848184813362252710e-01
6.081112876038451409e-01
6.115325988408873981e-01
4.306876499717565143e-01
5.555179392159298457e-01
5.722242267345988287e-01
5.442629197492321325e-01
4.393667086601829586e-01
5.357361183081835732e-01
6.099072455255811764e-01
6.180627191924119579e-01
4.735507848834083489e-01
5.820929239851686532e-01
6.130617905430019166e-01
4.690463336976469777e-01
5.677645249584192255e-01
5.488240292331757475e-01
5.077686001497710988e-01
7.413665244103286867e-01
5.434414717631385061e-01
6.046355958465360336e-01
4.900228244836339897e-01
5.073108830395820501e-01
4.922118572080980137e-01
3.244462829911424762e-01
5.432756919002921236e-01
5.186776237175246829e-01
6.271186139450540820e-01
5.118325283463968089e-01
4.608599698964697122e-01
4.851962588175062208e-01
5.349228825528776765e-01
5.914225589436709063e-01
5.891774159096291319e-01
4.167601971518671289e-01
5.553109306154281333e-01
5.753843491802108634e-01
5.425694039041201178e-01
5.071917774858104577e-01
5.788038845181587844e-01
5.126517496063032198e-01
5.304576802466087759e-01
4.981895409222181215e-01
5.808043009856055372e-01
6.356023289148787780e-01
4.756746171396983858e-01
5.225673519627370700e-01
5.551453707156271955e-01
5.243578458136776144e-01
4.880845994503211216e-01
4.951424348312294388e-01
5.299878147217843560e-01
5.934121601040994731e-01
7.004964840596493714e-01
4.647384611712747637e-01
5.901840814537872015e-01
5.443588693704588533e-01
5.053246229959397207e-01
6.622771082908672780e-01
5.692352322641064388e-01
5.017307497939815786e-01
5.010649070422019680e-01
5.581602116217759812e-01
3.403171466765729236e-01
4.607596219515102676e-01
6.432444837690712847e-01
5.967658864868704560e-01
5.406680955768680130e-01
5.569295948321008050e-01
4.681097792914034605e-01
6.387622754511174117e-01
5.867628021074091649e-01
4.137113176031717576e-01
4.444896108626843478e-01
5.980232921123903589e-01
5.485741899451407333e-01
5.275446044568803394e-01
4.538174188804091624e-01
6.056898883649962650e-01
5.444542330014001674e-01
4.897228643057736086e-01
5.196715260745095044e-01
4.681548391115491481e-01
5.410255294282136918e-01
5.066007882131920992e-01
5.173762257121544694e-01
5.586889262348739837e-01
5.138126244863067127e-01
5.975153276092629584e-01
5.058723595193667100e-01
5.420838263492985254e-01
4.453814721742108129e-01
5.063012857254365340e-01
6.551235166863612625e-01
4.877034938450706680e-01
6.773392414748359291e-01
6.536858716179220208e-01
3.626872323371510554e-01
6.385612215478045917e-01
6.392709232398156027e-01
5.902903457677659560e-01
6.243782314512361653e-01
5.179203131621953338e-01
6.540249208128350311e-01
5.513320890999899859e-01
4.946238893359367061e-01
5.252553487231484963e-01
5.600011993005007405e-01
4.027097209392000998e-01
4.397968819077428537e-01
5.905647614237697907e-01
5.014706884152263511e-01
5.772843875175320827e-01
4.532509201167105872e-01
5.472451180075273980e-01
6.469179472396816566e-01
5.326475120845262090e-01
5.444056017236825751e-01
4.896905591877735442e-01
5.334986328911350828e-01
4.672020494713191030e-01
5.103789634495697891e-01
5.322767027059102096e-01
5.501340335004876181e-01
5.724447948191510038e-01
5.847039521910440962e-01
6.598461955270019663e-01
5.731730877144199932e-01
5.209091757504088482e-01
5.718626338890057115e-01
5.957503463201779814e-01
4.045418228305288078e-01
5.308340625408022317e-01
5.085636504115834677e-01
6.774890045929086169e-01
5.587191200142817005e-01
6.402953268705154910e-01
5.069156670108226903e-01
5.202793124344763376e-01
4.848095605517677709e-01
3.272762314169003761e-01
4.648559753168779451e-01
5.650192151495029291e-01
5.487986240761978385e-01
5.530051197732719359e-01
5.485861640449163357e-01
6.191561658196441664e-01
5.745260205368901696e-01
5.486821642722367054e-01
3.191556262235633601e-01
4.855158712882050587e-01
6.343869435082728492e-01
4.993647972090049514e-01
4.932134498896742492e-01
6.089612882026379514e-01
5.526609977763766723e-01
6.135124223342626193e-01
5.389110187482812897e-01
4.888719183679303693e-01
5.602878546297692663e-01
5.521018247303257631e-01
6.496307686997301323e-01
5.241266681266019134e-01
5.216321890213219126e-01
5.614419879931892288e-01
5.993078032189366189e-01
6.480230830360954597e-01
5.585288382060854540e-01
7.179897342318586340e-01
4.292211919114980456e-01
6.017240341587012376e-01
6.054424822661681471e-01
3.127581931071182209e-01
5.820430859568018755e-01
4.601729532653540677e-01
5.966669372906151514e-01
5.912072708739337656e-01
5.525194917199555134e-01
6.458052009730649301e-01
5.342379473210606688e-01
4.910337103403454861e-01
3.863852217530742705e-01
5.598869390034564297e-01
3.680158756263164910e-01
6.103278418542869010e-01
4.039314227794377210e-01
4.906939990377481298e-01
5.996748665273831103e-01
6.854760463099490719e-01
5.431963473745092807e-01
5.486854928270054055e-01
4.558078355640804435e-01
3.820034608026068312e-01
5.791879503292036713e-01
5.522970002980267523e-01
4.947742603067394884e-01
5.528539917343684440e-01
6.265878194355757325e-01
5.129531218863093711e-01
5.198991173050125925e-01
5.545965963106270769e-01
4.645651511194577310e-01
4.570219032679490589e-01
5.809650575307534481e-01
5.185330553272456955e-01
3.858974883573765280e-01
5.468678087935280319e-01
4.307149430921959343e-01
5.062655412260225196e-01
5.399616241733925515e-01
5.564964839287257492e-01
5.194849913146249998e-01
5.631928104861020357e-01
5.886992143656762932e-01
5.220247311257845135e-01
5.956262003647662118e-01
5.837450783354117823e-01
5.394308211669481823e-01
4.237010853159437485e-01
2.919542973851480538e-01
4.250114030576424007e-01
5.729504424823471664e-01
4.674813934095926604e-01
3.393501224821593443e-01
5.979455868018048736e-01
5.222564265686467921e-01
5.677815745328899100e-01
3.704182928918390849e-01
5.953763632729217603e-01
5.621537050970513150e-01
5.060191470718465867e-01
5.799422345574931636e-01
6.099380620745898929e-01
6.374854853804288179e-01
5.311841940688608599e-01
4.424861625271039323e-01
4.112935366450550245e-01
4.706931667279190545e-01
5.052227605772653396e-01
4.527578583741218021e-01
3.284304465847430743e-01
5.727291777705739717e-01
6.161704032235373329e-01
5.619062468214462980e-01
6.513903088839331224e-01
5.822283913763850460e-01
3.739110972998473392e-01
4.797930956909841060e-01
4.823411548487168687e-01
6.099597493603815535e-01
6.196725218689955739e-01
6.393562558507360771e-01
3.997631893576811812e-01
4.868197444515636740e-01
5.313817927273790653e-01
5.161458116650027295e-01
4.561369177416355059e-01
4.488194847879233840e-01
5.711071085039308715e-01
6.411935987828764061e-01
4.775808387703263658e-01
4.976689501060185816e-01
5.435873300827657184e-01
4.484494110778098341e-01
4.618988286502244134e-01
6.114419853067358801e-01
5.073142211515189182e-01
5.460202647885459282e-01
4.547656978540455253e-01
6.094252985813347623e-01
4.859873763397916657e-01
6.000917283619423559e-01
6.530380298078187762e-01
6.446159657056077519e-01
5.581881801480205185e-01
5.905764323261740723e-01
5.434026916128306128e-01
5.818024454158443604e-01
5.729029722457253948e-01
4.629937506735319896e-01
5.671772760136406522e-01
6.211458854719085210e-01
5.741583857781379363e-01
5.808546996181673805e-01
3.563759017895713477e-01
5.570986377093182229e-01
5.175154856702411932e-01
5.968228734481001441e-01
5.116095227915758992e-01
5.165826283698004007e-01
4.801212879267159894e-01
6.416268214936263758e-01
4.862709771052082797e-01
5.683401324127517196e-01
5.643103834138750718e-01
5.972073200977711105e-01
5.805054133352915979e-01
5.963703501579192823e-01
5.076834080698203744e-01
6.415849483393504249e-01
6.154543630125811626e-01
5.819981661278031959e-01
3.946722234052169043e-01
6.248973130501470630e-01
5.331891170802852686e-01
4.823453409986566687e-01
5.949582937256449044e-01
5.276630329498733785e-01
4.870099586403244807e-01
5.478795907896831796e-01
5.290575403847342928e-01
5.480978566727797707e-01
6.418691674164399563e-01
5.570245572544296753e-01
5.936597019254180596e-01
4.460289113375595083e-01
4.906005976854643791e-01
6.059842714781685791e-01
5.766288019464432812e-01
5.775376529884612697e-01
6.520063242533677972e-01
5.226825618283738040e-01
5.120596930798654300e-01
4.985594372592453971e-01
5.426255777295517779e-01
5.596401624665225949e-01
4.959079157203601373e-01
5.774599338651248415e-01
6.799601185301394901e-01
6.268365684756878053e-01
6.058764820785399463e-01
3.784446345651709120e-01
5.349466477826315680e-01
5.772074396156454679e-01
5.449706361362031126e-01
4.810715421907034162e-01
6.246963347428489133e-01
6.028341820193255929e-01
5.848657409889501668e-01
4.082429102696722434e-01
5.811152711945460902e-01
4.573208173479046401e-01
4.963226634879271404e-01
6.171099813523203137e-01
6.062391795329947763e-01
5.801781546435657022e-01
6.430390473664763240e-01
5.766435116112905712e-01
4.782876109792089658e-01
4.739145340929472039e-01
6.610904360777239974e-01
4.850551645616634766e-01
5.485113879340927090e-01
5.912812674712119021e-01
5.280106427915812750e-01
5.088795928932673407e-01
4.493631299183575289e-01
5.968728838424830485e-01
5.683162172015677749e-01
6.014946687623348165e-01
6.028838103323499453e-01
5.374823885867666684e-01
3.933573227599131972e-01
5.356318509053515919e-01
5.186047331815512029e-01
5.460135623290903739e-01
6.015505803797616124e-01
5.416888061860885006e-01
4.468268306247213939e-01
5.544313833997446261e-01
4.842286080731723619e-01
4.690795679366473458e-01
3.282231893831031866e-01
3.744667667054957794e-01
5.756086608744820365e-01
4.849811503196317930e-01
5.345723800070441012e-01
6.407809862380484667e-01
6.529226914066453835e-01
4.603991917376968335e-01
5.935631788987832946e-01
4.919391494063358738e-01
5.336409258772734088e-01
5.378984695335212729e-01
6.642282449754680629e-01
3.399440461896907628e-01
4.614026442443688314e-01
3.659078690251907351e-01
5.187252212650893535e-01
6.124827022301021495e-01
3.845882316511326504e-01
5.040510917194810370e-01
5.416017874044097846e-01
5.879021954280083673e-01
5.480646814809256862e-01
5.833250160713489008e-01
5.886997942795847427e-01
6.181470151375405564e-01
4.391199041494881494e-01
4.717512385046676027e-01
5.004711991238146584e-01
5.494822432689687730e-01
5.244610159579800035e-01
4.110391457029760054e-01
5.672347133136949049e-01
4.105517392496773610e-01
3.697914200373013660e-01
5.413126574153361847e-01
4.939248192080840649e-01
6.089155119313641729e-01
5.291416487232524224e-01
5.828503045903048463e-01
5.537691904750167149e-01
5.757252046262005818e-01
5.195382994091024553e-01
5.228965627075999878e-01
5.439508191679464089e-01
6.102658615462438485e-01
5.874533241448723908e-01
5.678119683356109837e-01
6.208045121045847603e-01
6.472055213806177099e-01
5.671327958235257150e-01
5.899539117012995160e-01
4.619743400631482477e-01
5.383014381882459398e-01
4.653225778717577921e-01
6.038888780653562938e-01
3.937428362635888024e-01
5.506448401033785522e-01
3.851950916185276630e-01
6.703705981225714927e-01
4.746360866975673498e-01
6.402920946235914901e-01
5.949405389028260549e-01
5.922103083483339914e-01
4.976993157958031211e-01
4.758753070975429433e-01
5.425445644101837273e-01
5.680383968690002616e-01
5.778608405178161656e-01
5.565556072067805449e-01
5.846615514831501326e-01
5.665221357980473327e-01
5.263751303214971866e-01
6.035806492001777324e-01
5.348595614414201060e-01
4.867053237189121195e-01
5.016663391543194628e-01
5.422840753203884701e-01
4.334470141054609926e-01
6.436720478699113901e-01
4.130082224874098706e-01
5.543903291888260254e-01
5.623386769090275017e-01
4.800896048568075170e-01
5.533421794182133979e-01
5.645158445049083262e-01
6.022758094014392105e-01
5.357901245513242428e-01
6.183209020979179016e-01
4.909934448729080803e-01
6.288264009100724694e-01
6.327521960142612478e-01
3.052377113445207679e-01
6.392748594441093335e-01
5.665409344307560380e-01
5.110120724333419018e-01
4.645590514583463615e-01
5.491955041773591839e-01
5.185116658060412442e-01
5.753252961743491323e-01
3.918450411037051051e-01
3.505950503467902268e-01
4.372329200930600845e-01
4.177360405243676911e-01
5.519184141398846277e-01
6.070168256256242012e-01
5.317169023789921622e-01
5.627994486751630721e-01
6.039114013913137180e-01
4.756807442715999534e-01
5.400334387767234956e-01
5.883546734014554191e-01
3.985531689003776190e-01
5.856925956893430651e-01
5.138636237856702982e-01
6.085279953743659709e-01
5.577402224298927402e-01
6.494745435007420742e-01
6.029397081282825699e-01
4.786788370196792264e-01
5.409668242271521432e-01
6.380491727939896496e-01
5.989168812064987746e-01
5.494090770983375283e-01
4.912706693538216318e-01
6.229780527478676611e-01
5.009162933054434053e-01
4.823255512387460975e-01
5.867178280237337340e-01
5.298733986692450992e-01
6.044086521551168545e-01
4.983890775618906588e-01
5.551664145110951631e-01
5.524070696015200843e-01
5.619980331819282027e-01
5.904833959891878647e-01
6.257850783282438156e-01
3.044153885151628658e-01
5.443566919224754885e-01
4.636285788646892225e-01
3.539497680450050532e-01
5.367676075775692501e-01
5.179120704782793627e-01
4.751326624503247609e-01
5.822244222388012203e-01
3.526260765539825370e-01
5.141948917317838985e-01
6.806214635394695067e-01
4.213475182859962032e-01
5.550256498260055515e-01
5.322876905249408486e-01
5.738218363797741306e-01
3.727145890483893331e-01
5.301622132302583612e-01
5.849312424551321721e-01
5.875715337193059273e-01
5.273606795114578194e-01
5.219526781785533975e-01
3.287500167088036607e-01
4.608726452459130929e-01
5.308253457500147210e-01
5.360593852616672983e-01
5.030873755555199667e-01
5.857165816437915895e-01
5.183009117502020979e-01
4.676600708823681618e-01
5.527257362701790688e-01
5.350340552057031296e-01
5.181433612852862636e-01
5.428908174951194709e-01
6.712563648438263364e-01
5.401411429260334351e-01
4.244251389115210604e-01
6.100951720645410026e-01
5.598634384425217325e-01
4.596091132359026443e-01
5.739630309715495482e-01
5.381197197637540564e-01
4.796584100750123092e-01
5.145236215952935233e-01
6.161574040753682313e-01
4.887908698773109628e-01
5.953648595241572972e-01
4.207878230361141170e-01
5.080896906375306221e-01
5.380259949300240097e-01
5.441799580552252324e-01
5.022141805655796487e-01
5.291801008583882915e-01
5.320195573324077998e-01
4.687626790293802359e-01
4.382352040395738335e-01
5.980111771482086169e-01
4.601861114238440797e-01
5.964774279995355144e-01
6.336745954738586262e-01
5.518199499222221638e-01
5.045375041093825841e-01
6.050936646573371602e-01
4.933137306910670983e-01
3.842866507201953552e-01
5.166818466333227278e-01
5.646751358836206158e-01
5.548263254057471672e-01
5.920536723087606035e-01
5.384433083348496574e-01
5.342302881946826565e-01
6.448854335042538688e-01
6.309911778256933612e-01
4.306168283390296447e-01
4.986690796331167963e-01
6.137660622775430452e-01
6.187363627891867557e-01
4.872797126185448024e-01
4.785240620101842701e-01
5.318178286767399898e-01
5.380152738243509924e-01
4.453879322401778640e-01
4.674036635389802186e-01
5.631003638999388938e-01
4.528774855064292559e-01
4.685077485020366361e-01
6.084184716179197316e-01
6.388343489569033862e-01
5.528098785184879516e-01
6.181701146290811133e-01
5.198167807649651806e-01
6.197528304234968255e-01
3.818733157002835998e-01
4.519852403856665091e-01
4.226490075778440159e-01
6.284290411732794679e-01
5.718205333018133718e-01
6.700571717597312293e-01
5.353675805906303875e-01
6.160132310502525188e-01
3.845002658487100544e-01
3.907066216605008524e-01
6.669344248659431207e-01
5.516004925334875297e-01
5.886451637163111483e-01
5.623754762941444163e-01
4.579163112434411764e-01
4.605258980455641526e-01
5.139467137906560401e-01
5.914564506625840101e-01
5.516437293060804103e-01
5.325350222653050247e-01
5.193244577356480596e-01
3.906459677987281776e-01
5.059781326010238667e-01
5.804058648365700845e-01
5.649700353213394921e-01
4.816247501994246338e-01
6.275072193507349461e-01
5.210630395937665416e-01
5.289824466164446681e-01
6.147544525227093271e-01
5.760742398890011939e-01
5.021630180978235991e-01
4.688415379617778544e-01
6.160288221405664233e-01
4.638131903795526534e-01
6.301510545270389008e-01
5.662583062909239962e-01
6.092668676204960887e-01
4.845932708758621810e-01
6.517051637790980401e-01
5.352769492126020490e-01
6.290560044993985800e-01
4.942467461014823371e-01
5.571539639497310459e-01
6.221689087759695314e-01
5.017866443442481339e-01
5.019580271564016982e-01
5.712247356702304657e-01
5.262346487497508996e-01
4.049810969518312653e-01
5.788605459991984503e-01
5.739632644830435781e-01
5.490440342218413372e-01
5.536124234159998103e-01
5.915874709603847759e-01
5.912703890407257079e-01
6.644975764273822749e-01
5.938756843101430372e-01
5.746277318555285119e-01
5.260520188146432519e-01
5.424369419468543230e-01
5.782484141938782907e-01
5.760957057550711857e-01
6.174697335056876790e-01
5.029864127556596953e-01
5.201607225085915776e-01
5.411059562055059446e-01
5.745349735907473443e-01
5.816773340066271336e-01
5.700866912959884347e-01
5.226568911376544557e-01
6.147035965927709622e-01
5.762124678489727314e-01
3.341256412110807372e-01
6.939138134037724504e-01
5.215357373597003798e-01
5.705829509579015690e-01
5.739272112353469568e-01
6.105702259498617668e-01
6.266779356575887805e-01
3.475945134610565757e-01
4.913476646542878634e-01
5.237595212404958511e-01
5.255681446479086860e-01
5.472371942204716788e-01
3.958155745958047422e-01
4.991247063944809770e-01
4.379990371392707416e-01
5.705807532732528609e-01
4.740564026305382206e-01
5.871428860372179814e-01
5.382375312228132591e-01
5.180436486662068907e-01
5.028351188350687062e-01
4.743279496050062938e-01
5.255070344852823538e-01
5.532574514215988781e-01
5.944506128481819029e-01
5.786848122865495547e-01
4.647099957871234088e-01
5.658720478269355647e-01
6.251242478586471751e-01
4.246902459520440765e-01
6.928017317179094858e-01
6.561681704535254900e-01
4.465965976327120335e-01
5.621437053422988495e-01
